Profundidade [m]	Densidade Aparente Seca [g/cm3]
936.0	
936.2	
936.4	
936.6	
936.8	
937.0	
937.2	
937.4	
937.6	
937.8	
938.0	
938.2	
938.4	
938.6	
938.8	
939.0	
939.2	
939.4	
939.6	
939.8	
940.0	
940.2	
940.4	
940.6	
940.8	
941.0	
941.2	
941.4	
941.6	
941.8	
942.0	
942.2	
942.4	
942.6	
942.8	
943.0	
943.2	
943.4	
943.6	
943.8	
944.0	
944.2	
944.4	
944.6	
944.8	
945.0	
945.2	
945.4	
945.6	
945.8	
946.0	
946.2	
946.4	
946.6	
946.8	
947.0	
947.2	
947.4	
947.6	
947.8	
948.0	
948.2	
948.4	
948.6	
948.8	
949.0	
949.2	
949.4	
949.6	
949.8	
950.0	
950.2	
950.4	
950.6	
950.8	
951.0	
951.2	
951.4	
951.6	
951.8	
952.0	
952.2	
952.4	
952.6	
952.8	
953.0	
953.2	
953.4	
953.6	
953.8	
954.0	
954.2	
954.4	
954.6	
954.8	
955.0	
955.2	
955.4	
955.6	
955.8	
956.0	
956.2	
956.4	
956.6	
956.8	
957.0	
957.2	
957.4	
957.6	
957.8	
958.0	
958.2	
958.4	
958.6	
958.8	
959.0	
959.2	
959.4	
959.6	
959.8	
960.0	
960.2	
960.4	
960.6	
960.8	
961.0	
961.2	
961.4	
961.6	
961.8	
962.0	
962.2	
962.4	
962.6	
962.8	
963.0	
963.2	
963.4	
963.6	
963.8	
964.0	
964.2	
964.4	
964.6	
964.8	
965.0	
965.2	
965.4	
965.6	
965.8	
966.0	
966.2	
966.4	
966.6	
966.8	
967.0	
967.2	
967.4	
967.6	
967.8	
968.0	
968.2	
968.4	
968.6	
968.8	
969.0	
969.2	
969.4	
969.6	
969.8	
970.0	
970.2	
970.4	
970.6	
970.8	
971.0	
971.2	
971.4	
971.6	
971.8	
972.0	
972.2	
972.4	
972.6	
972.8	
973.0	
973.2	
973.4	
973.6	
973.8	
974.0	
974.2	
974.4	
974.6	
974.8	
975.0	
975.2	
975.4	
975.6	
975.8	
976.0	
976.2	
976.4	
976.6	
976.8	
977.0	
977.2	
977.4	
977.6	
977.8	
978.0	
978.2	
978.4	
978.6	
978.8	
979.0	
979.2	
979.4	
979.6	
979.8	
980.0	
980.2	
980.4	
980.6	
980.8	
981.0	
981.2	
981.4	
981.6	
981.8	
982.0	
982.2	
982.4	
982.6	
982.8	
983.0	
983.2	
983.4	
983.6	
983.8	
984.0	
984.2	
984.4	
984.6	
984.8	
985.0	
985.2	
985.4	
985.6	
985.8	
986.0	
986.2	
986.4	
986.6	
986.8	
987.0	
987.2	
987.4	
987.6	
987.8	
988.0	
988.2	
988.4	
988.6	
988.8	
989.0	
989.2	
989.4	
989.6	
989.8	
990.0	
990.2	
990.4	
990.6	
990.8	
991.0	
991.2	
991.4	
991.6	
991.8	
992.0	
992.2	
992.4	
992.6	
992.8	
993.0	
993.2	
993.4	
993.6	
993.8	
994.0	
994.2	
994.4	
994.6	
994.8	
995.0	
995.2	
995.4	
995.6	
995.8	
996.0	
996.2	
996.4	
996.6	
996.8	
997.0	
997.2	
997.4	
997.6	
997.8	
998.0	
998.2	
998.4	
998.6	
998.8	
999.0	
999.2	
999.4	
999.6	
999.8	
1000.0	
1000.2	
1000.4	
1000.6	
1000.8	
1001.0	
1001.2	
1001.4	
1001.6	
1001.8	
1002.0	
1002.2	
1002.4	
1002.6	
1002.8	
1003.0	
1003.2	
1003.4	
1003.6	
1003.8	
1004.0	
1004.2	
1004.4	
1004.6	
1004.8	
1005.0	
1005.2	
1005.4	
1005.6	
1005.8	
1006.0	
1006.2	
1006.4	
1006.6	
1006.8	
1007.0	
1007.2	
1007.4	
1007.6	
1007.8	
1008.0	
1008.2	
1008.4	
1008.6	
1008.8	
1009.0	
1009.2	
1009.4	
1009.6	
1009.8	
1010.0	
1010.2	
1010.4	
1010.6	
1010.8	
1011.0	
1011.2	
1011.4	
1011.6	
1011.8	
1012.0	
1012.2	
1012.4	
1012.6	
1012.8	
1013.0	
1013.2	
1013.4	
1013.6	
1013.8	
1014.0	
1014.2	
1014.4	
1014.6	
1014.8	
1015.0	
1015.2	
1015.4	
1015.6	
1015.8	
1016.0	
1016.2	
1016.4	
1016.6	
1016.8	
1017.0	
1017.2	
1017.4	
1017.6	
1017.8	
1018.0	
1018.2	
1018.4	
1018.6	
1018.8	
1019.0	
1019.2	
1019.4	
1019.6	
1019.8	
1020.0	
1020.2	
1020.4	
1020.6	
1020.8	
1021.0	
1021.2	
1021.4	
1021.6	
1021.8	
1022.0	
1022.2	
1022.4	
1022.6	
1022.8	
1023.0	
1023.2	
1023.4	
1023.6	
1023.8	
1024.0	
1024.2	
1024.4	
1024.6	
1024.8	
1025.0	
1025.2	
1025.4	
1025.6	
1025.8	
1026.0	
1026.2	
1026.4	
1026.6	
1026.8	
1027.0	
1027.2	
1027.4	
1027.6	
1027.8	
1028.0	
1028.2	
1028.4	
1028.6	
1028.8	
1029.0	
1029.2	
1029.4	
1029.6	
1029.8	
1030.0	
1030.2	
1030.4	
1030.6	
1030.8	
1031.0	
1031.2	
1031.4	
1031.6	
1031.8	
1032.0	
1032.2	
1032.4	
1032.6	
1032.8	
1033.0	
1033.2	
1033.4	
1033.6	
1033.8	
1034.0	
1034.2	
1034.4	
1034.6	
1034.8	
1035.0	
1035.2	
1035.4	
1035.6	
1035.8	
1036.0	
1036.2	
1036.4	
1036.6	
1036.8	
1037.0	
1037.2	
1037.4	
1037.6	
1037.8	
1038.0	
1038.2	
1038.4	
1038.6	
1038.8	
1039.0	
1039.2	
1039.4	
1039.6	
1039.8	
1040.0	
1040.2	
1040.4	
1040.6	
1040.8	
1041.0	
1041.2	
1041.4	
1041.6	
1041.8	
1042.0	
1042.2	
1042.4	
1042.6	
1042.8	
1043.0	
1043.2	
1043.4	
1043.6	
1043.8	
1044.0	
1044.2	
1044.4	
1044.6	
1044.8	
1045.0	
1045.2	
1045.4	
1045.6	
1045.8	
1046.0	
1046.2	
1046.4	
1046.6	
1046.8	
1047.0	
1047.2	
1047.4	
1047.6	
1047.8	
1048.0	
1048.2	
1048.4	
1048.6	
1048.8	
1049.0	
1049.2	
1049.4	
1049.6	
1049.8	
1050.0	
1050.2	
1050.4	
1050.6	
1050.8	
1051.0	
1051.2	
1051.4	
1051.6	
1051.8	
1052.0	
1052.2	
1052.4	
1052.6	
1052.8	
1053.0	
1053.2	
1053.4	
1053.6	
1053.8	
1054.0	
1054.2	
1054.4	
1054.6	
1054.8	
1055.0	
1055.2	
1055.4	
1055.6	
1055.8	
1056.0	
1056.2	
1056.4	
1056.6	
1056.8	
1057.0	
1057.2	
1057.4	
1057.6	
1057.8	
1058.0	
1058.2	
1058.4	
1058.6	
1058.8	
1059.0	
1059.2	
1059.4	
1059.6	
1059.8	
1060.0	
1060.2	
1060.4	
1060.6	
1060.8	
1061.0	
1061.2	
1061.4	
1061.6	
1061.8	
1062.0	
1062.2	
1062.4	
1062.6	
1062.8	
1063.0	
1063.2	
1063.4	
1063.6	
1063.8	
1064.0	
1064.2	
1064.4	
1064.6	
1064.8	
1065.0	
1065.2	
1065.4	
1065.6	
1065.8	
1066.0	
1066.2	
1066.4	
1066.6	
1066.8	
1067.0	
1067.2	
1067.4	
1067.6	
1067.8	
1068.0	
1068.2	
1068.4	
1068.6	
1068.8	
1069.0	
1069.2	
1069.4	
1069.6	
1069.8	
1070.0	
1070.2	
1070.4	
1070.6	
1070.8	
1071.0	
1071.2	
1071.4	
1071.6	
1071.8	
1072.0	
1072.2	
1072.4	
1072.6	
1072.8	
1073.0	
1073.2	
1073.4	
1073.6	
1073.8	
1074.0	
1074.2	
1074.4	
1074.6	
1074.8	
1075.0	
1075.2	
1075.4	
1075.6	
1075.8	
1076.0	
1076.2	
1076.4	
1076.6	
1076.8	
1077.0	
1077.2	
1077.4	
1077.6	
1077.8	
1078.0	
1078.2	
1078.4	
1078.6	
1078.8	
1079.0	
1079.2	
1079.4	
1079.6	
1079.8	
1080.0	
1080.2	
1080.4	
1080.6	
1080.8	
1081.0	
1081.2	
1081.4	
1081.6	
1081.8	
1082.0	
1082.2	
1082.4	
1082.6	
1082.8	
1083.0	
1083.2	
1083.4	
1083.6	
1083.8	
1084.0	
1084.2	
1084.4	
1084.6	
1084.8	
1085.0	
1085.2	
1085.4	
1085.6	
1085.8	
1086.0	
1086.2	
1086.4	
1086.6	
1086.8	
1087.0	
1087.2	
1087.4	
1087.6	
1087.8	
1088.0	
1088.2	
1088.4	
1088.6	
1088.8	
1089.0	
1089.2	
1089.4	
1089.6	
1089.8	
1090.0	
1090.2	
1090.4	
1090.6	
1090.8	
1091.0	
1091.2	
1091.4	
1091.6	
1091.8	
1092.0	
1092.2	
1092.4	
1092.6	
1092.8	
1093.0	
1093.2	
1093.4	
1093.6	
1093.8	
1094.0	
1094.2	
1094.4	
1094.6	
1094.8	
1095.0	
1095.2	
1095.4	
1095.6	
1095.8	
1096.0	
1096.2	
1096.4	
1096.6	
1096.8	
1097.0	
1097.2	
1097.4	
1097.6	
1097.8	
1098.0	
1098.2	
1098.4	
1098.6	
1098.8	
1099.0	
1099.2	
1099.4	
1099.6	
1099.8	
1100.0	
1100.2	
1100.4	
1100.6	
1100.8	
1101.0	
1101.2	
1101.4	
1101.6	
1101.8	
1102.0	
1102.2	
1102.4	
1102.6	
1102.8	
1103.0	
1103.2	
1103.4	
1103.6	
1103.8	
1104.0	
1104.2	
1104.4	
1104.6	
1104.8	
1105.0	
1105.2	
1105.4	
1105.6	
1105.8	
1106.0	
1106.2	
1106.4	
1106.6	
1106.8	
1107.0	
1107.2	
1107.4	
1107.6	
1107.8	
1108.0	
1108.2	
1108.4	
1108.6	
1108.8	
1109.0	
1109.2	
1109.4	
1109.6	
1109.8	
1110.0	
1110.2	
1110.4	
1110.6	
1110.8	
1111.0	
1111.2	
1111.4	
1111.6	
1111.8	
1112.0	
1112.2	
1112.4	
1112.6	
1112.8	
1113.0	
1113.2	
1113.4	
1113.6	
1113.8	
1114.0	
1114.2	
1114.4	
1114.6	
1114.8	
1115.0	
1115.2	
1115.4	
1115.6	
1115.8	
1116.0	
1116.2	
1116.4	
1116.6	
1116.8	
1117.0	
1117.2	
1117.4	
1117.6	
1117.8	
1118.0	
1118.2	
1118.4	
1118.6	
1118.8	
1119.0	
1119.2	
1119.4	
1119.6	
1119.8	
1120.0	
1120.2	
1120.4	
1120.6	
1120.8	
1121.0	
1121.2	
1121.4	
1121.6	
1121.8	
1122.0	
1122.2	
1122.4	
1122.6	
1122.8	
1123.0	
1123.2	
1123.4	
1123.6	
1123.8	
1124.0	
1124.2	
1124.4	
1124.6	
1124.8	
1125.0	
1125.2	
1125.4	
1125.6	
1125.8	
1126.0	
1126.2	
1126.4	
1126.6	
1126.8	
1127.0	
1127.2	
1127.4	
1127.6	
1127.8	
1128.0	
1128.2	
1128.4	
1128.6	
1128.8	
1129.0	
1129.2	
1129.4	
1129.6	
1129.8	
1130.0	
1130.2	
1130.4	
1130.6	
1130.8	
1131.0	
1131.2	
1131.4	
1131.6	
1131.8	
1132.0	
1132.2	
1132.4	
1132.6	
1132.8	
1133.0	
1133.2	
1133.4	
1133.6	
1133.8	
1134.0	
1134.2	
1134.4	
1134.6	
1134.8	
1135.0	
1135.2	
1135.4	
1135.6	
1135.8	
1136.0	
1136.2	
1136.4	
1136.6	
1136.8	
1137.0	
1137.2	
1137.4	
1137.6	
1137.8	
1138.0	
1138.2	
1138.4	
1138.6	
1138.8	
1139.0	
1139.2	
1139.4	
1139.6	
1139.8	
1140.0	
1140.2	
1140.4	
1140.6	
1140.8	
1141.0	
1141.2	
1141.4	
1141.6	
1141.8	
1142.0	
1142.2	
1142.4	
1142.6	
1142.8	
1143.0	
1143.2	
1143.4	
1143.6	
1143.8	
1144.0	
1144.2	
1144.4	
1144.6	
1144.8	
1145.0	
1145.2	
1145.4	
1145.6	
1145.8	
1146.0	
1146.2	
1146.4	
1146.6	
1146.8	
1147.0	
1147.2	
1147.4	
1147.6	
1147.8	
1148.0	
1148.2	
1148.4	
1148.6	
1148.8	
1149.0	
1149.2	
1149.4	
1149.6	
1149.8	
1150.0	
1150.2	
1150.4	
1150.6	
1150.8	
1151.0	
1151.2	
1151.4	
1151.6	
1151.8	
1152.0	
1152.2	
1152.4	
1152.6	
1152.8	
1153.0	
1153.2	
1153.4	
1153.6	
1153.8	
1154.0	
1154.2	
1154.4	
1154.6	
1154.8	
1155.0	
1155.2	
1155.4	
1155.6	
1155.8	
1156.0	
1156.2	
1156.4	
1156.6	
1156.8	
1157.0	
1157.2	
1157.4	
1157.6	
1157.8	
1158.0	
1158.2	
1158.4	
1158.6	
1158.8	
1159.0	
1159.2	
1159.4	
1159.6	
1159.8	
1160.0	
1160.2	
1160.4	
1160.6	
1160.8	
1161.0	
1161.2	
1161.4	
1161.6	
1161.8	
1162.0	
1162.2	
1162.4	
1162.6	
1162.8	
1163.0	
1163.2	
1163.4	
1163.6	
1163.8	
1164.0	
1164.2	
1164.4	
1164.6	
1164.8	
1165.0	
1165.2	
1165.4	
1165.6	
1165.8	
1166.0	
1166.2	
1166.4	
1166.6	
1166.8	
1167.0	
1167.2	
1167.4	
1167.6	
1167.8	
1168.0	
1168.2	
1168.4	
1168.6	
1168.8	
1169.0	
1169.2	
1169.4	
1169.6	
1169.8	
1170.0	
1170.2	
1170.4	
1170.6	
1170.8	
1171.0	
1171.2	
1171.4	
1171.6	
1171.8	
1172.0	
1172.2	
1172.4	
1172.6	
1172.8	
1173.0	
1173.2	
1173.4	
1173.6	
1173.8	
1174.0	
1174.2	
1174.4	
1174.6	
1174.8	
1175.0	
1175.2	
1175.4	
1175.6	
1175.8	
1176.0	
1176.2	
1176.4	
1176.6	
1176.8	
1177.0	
1177.2	
1177.4	
1177.6	
1177.8	
1178.0	
1178.2	
1178.4	
1178.6	
1178.8	
1179.0	
1179.2	
1179.4	
1179.6	
1179.8	
1180.0	
1180.2	
1180.4	
1180.6	
1180.8	
1181.0	
1181.2	
1181.4	
1181.6	
1181.8	
1182.0	
1182.2	
1182.4	
1182.6	
1182.8	
1183.0	
1183.2	
1183.4	
1183.6	
1183.8	
1184.0	
1184.2	
1184.4	
1184.6	
1184.8	
1185.0	
1185.2	
1185.4	
1185.6	
1185.8	
1186.0	
1186.2	
1186.4	
1186.6	
1186.8	
1187.0	
1187.2	
1187.4	
1187.6	
1187.8	
1188.0	
1188.2	
1188.4	
1188.6	
1188.8	
1189.0	
1189.2	
1189.4	
1189.6	
1189.8	
1190.0	
1190.2	
1190.4	
1190.6	
1190.8	
1191.0	
1191.2	
1191.4	
1191.6	
1191.8	
1192.0	
1192.2	
1192.4	
1192.6	
1192.8	
1193.0	
1193.2	
1193.4	
1193.6	
1193.8	
1194.0	
1194.2	
1194.4	
1194.6	
1194.8	
1195.0	
1195.2	
1195.4	
1195.6	
1195.8	
1196.0	
1196.2	
1196.4	
1196.6	
1196.8	
1197.0	
1197.2	
1197.4	
1197.6	
1197.8	
1198.0	
1198.2	
1198.4	
1198.6	
1198.8	
1199.0	
1199.2	
1199.4	
1199.6	
1199.8	
1200.0	
1200.2	
1200.4	
1200.6	
1200.8	
1201.0	
1201.2	
1201.4	
1201.6	
1201.8	
1202.0	
1202.2	
1202.4	
1202.6	
1202.8	
1203.0	
1203.2	
1203.4	
1203.6	
1203.8	
1204.0	
1204.2	
1204.4	
1204.6	
1204.8	
1205.0	
1205.2	
1205.4	
1205.6	
1205.8	
1206.0	
1206.2	
1206.4	
1206.6	
1206.8	
1207.0	
1207.2	
1207.4	
1207.6	
1207.8	
1208.0	
1208.2	
1208.4	
1208.6	
1208.8	
1209.0	
1209.2	
1209.4	
1209.6	
1209.8	
1210.0	
1210.2	
1210.4	
1210.6	
1210.8	
1211.0	
1211.2	
1211.4	
1211.6	
1211.8	
1212.0	
1212.2	
1212.4	
1212.6	
1212.8	
1213.0	
1213.2	
1213.4	
1213.6	
1213.8	
1214.0	
1214.2	
1214.4	
1214.6	
1214.8	
1215.0	
1215.2	
1215.4	
1215.6	
1215.8	
1216.0	
1216.2	
1216.4	
1216.6	
1216.8	
1217.0	
1217.2	
1217.4	
1217.6	
1217.8	
1218.0	
1218.2	
1218.4	
1218.6	
1218.8	
1219.0	
1219.2	
1219.4	
1219.6	
1219.8	
1220.0	
1220.2	
1220.4	
1220.6	
1220.8	
1221.0	
1221.2	
1221.4	
1221.6	
1221.8	
1222.0	
1222.2	
1222.4	
1222.6	
1222.8	
1223.0	
1223.2	
1223.4	
1223.6	
1223.8	
1224.0	
1224.2	
1224.4	
1224.6	
1224.8	
1225.0	
1225.2	
1225.4	
1225.6	
1225.8	
1226.0	
1226.2	
1226.4	
1226.6	
1226.8	
1227.0	
1227.2	
1227.4	
1227.6	
1227.8	
1228.0	
1228.2	
1228.4	
1228.6	
1228.8	
1229.0	
1229.2	
1229.4	
1229.6	
1229.8	
1230.0	
1230.2	
1230.4	
1230.6	
1230.8	
1231.0	
1231.2	
1231.4	
1231.6	
1231.8	
1232.0	
1232.2	
1232.4	
1232.6	
1232.8	
1233.0	
1233.2	
1233.4	
1233.6	
1233.8	
1234.0	
1234.2	
1234.4	
1234.6	
1234.8	
1235.0	
1235.2	
1235.4	
1235.6	
1235.8	
1236.0	
1236.2	
1236.4	
1236.6	
1236.8	
1237.0	
1237.2	
1237.4	
1237.6	
1237.8	
1238.0	
1238.2	
1238.4	
1238.6	
1238.8	
1239.0	
1239.2	
1239.4	
1239.6	
1239.8	
1240.0	
1240.2	
1240.4	
1240.6	
1240.8	
1241.0	
1241.2	
1241.4	
1241.6	
1241.8	
1242.0	
1242.2	
1242.4	
1242.6	
1242.8	
1243.0	
1243.2	
1243.4	
1243.6	
1243.8	
1244.0	
1244.2	
1244.4	
1244.6	
1244.8	
1245.0	
1245.2	
1245.4	
1245.6	
1245.8	
1246.0	
1246.2	
1246.4	
1246.6	
1246.8	
1247.0	
1247.2	
1247.4	
1247.6	
1247.8	
1248.0	
1248.2	
1248.4	
1248.6	
1248.8	
1249.0	
1249.2	
1249.4	
1249.6	
1249.8	
1250.0	
1250.2	
1250.4	
1250.6	
1250.8	
1251.0	
1251.2	
1251.4	
1251.6	
1251.8	
1252.0	
1252.2	
1252.4	
1252.6	
1252.8	
1253.0	
1253.2	
1253.4	
1253.6	
1253.8	
1254.0	
1254.2	
1254.4	
1254.6	
1254.8	
1255.0	
1255.2	
1255.4	
1255.6	
1255.8	
1256.0	
1256.2	
1256.4	
1256.6	
1256.8	
1257.0	
1257.2	
1257.4	
1257.6	
1257.8	
1258.0	
1258.2	
1258.4	
1258.6	
1258.8	
1259.0	
1259.2	
1259.4	
1259.6	
1259.8	
1260.0	
1260.2	
1260.4	
1260.6	
1260.8	
1261.0	
1261.2	
1261.4	
1261.6	
1261.8	
1262.0	
1262.2	
1262.4	
1262.6	
1262.8	
1263.0	
1263.2	
1263.4	
1263.6	
1263.8	
1264.0	
1264.2	
1264.4	
1264.6	
1264.8	
1265.0	
1265.2	
1265.4	
1265.6	
1265.8	
1266.0	
1266.2	
1266.4	
1266.6	
1266.8	
1267.0	
1267.2	
1267.4	
1267.6	
1267.8	
1268.0	
1268.2	
1268.4	
1268.6	
1268.8	
1269.0	
1269.2	
1269.4	
1269.6	
1269.8	
1270.0	
1270.2	
1270.4	
1270.6	
1270.8	
1271.0	
1271.2	
1271.4	
1271.6	
1271.8	
1272.0	
1272.2	
1272.4	
1272.6	
1272.8	
1273.0	
1273.2	
1273.4	
1273.6	
1273.8	
1274.0	
1274.2	
1274.4	
1274.6	
1274.8	
1275.0	
1275.2	
1275.4	
1275.6	
1275.8	
1276.0	
1276.2	
1276.4	
1276.6	
1276.8	
1277.0	
1277.2	
1277.4	
1277.6	
1277.8	
1278.0	
1278.2	
1278.4	
1278.6	
1278.8	
1279.0	
1279.2	
1279.4	
1279.6	
1279.8	
1280.0	
1280.2	
1280.4	
1280.6	
1280.8	
1281.0	
1281.2	
1281.4	
1281.6	
1281.8	
1282.0	
1282.2	
1282.4	
1282.6	
1282.8	
1283.0	
1283.2	
1283.4	
1283.6	
1283.8	
1284.0	
1284.2	
1284.4	
1284.6	
1284.8	
1285.0	
1285.2	
1285.4	
1285.6	
1285.8	
1286.0	
1286.2	
1286.4	
1286.6	
1286.8	
1287.0	
1287.2	
1287.4	
1287.6	
1287.8	
1288.0	
1288.2	
1288.4	
1288.6	
1288.8	
1289.0	
1289.2	
1289.4	
1289.6	
1289.8	
1290.0	
1290.2	
1290.4	
1290.6	
1290.8	
1291.0	
1291.2	
1291.4	
1291.6	
1291.8	
1292.0	
1292.2	
1292.4	
1292.6	
1292.8	
1293.0	
1293.2	
1293.4	
1293.6	
1293.8	
1294.0	
1294.2	
1294.4	
1294.6	
1294.8	
1295.0	
1295.2	
1295.4	
1295.6	
1295.8	
1296.0	
1296.2	
1296.4	
1296.6	
1296.8	
1297.0	
1297.2	
1297.4	
1297.6	
1297.8	
1298.0	
1298.2	
1298.4	
1298.6	
1298.8	
1299.0	
1299.2	
1299.4	
1299.6	
1299.8	
1300.0	
1300.2	
1300.4	
1300.6	
1300.8	
1301.0	
1301.2	
1301.4	
1301.6	
1301.8	
1302.0	
1302.2	
1302.4	
1302.6	
1302.8	
1303.0	
1303.2	
1303.4	
1303.6	
1303.8	
1304.0	
1304.2	
1304.4	
1304.6	
1304.8	
1305.0	
1305.2	
1305.4	
1305.6	
1305.8	
1306.0	
1306.2	
1306.4	
1306.6	
1306.8	
1307.0	
1307.2	
1307.4	
1307.6	
1307.8	
1308.0	
1308.2	
1308.4	
1308.6	
1308.8	
1309.0	
1309.2	
1309.4	
1309.6	
1309.8	
1310.0	
1310.2	
1310.4	
1310.6	
1310.8	
1311.0	
1311.2	
1311.4	
1311.6	
1311.8	
1312.0	
1312.2	
1312.4	
1312.6	
1312.8	
1313.0	
1313.2	
1313.4	
1313.6	
1313.8	
1314.0	
1314.2	
1314.4	
1314.6	
1314.8	
1315.0	
1315.2	
1315.4	
1315.6	
1315.8	
1316.0	
1316.2	
1316.4	
1316.6	
1316.8	
1317.0	
1317.2	
1317.4	
1317.6	
1317.8	
1318.0	
1318.2	
1318.4	
1318.6	
1318.8	
1319.0	
1319.2	
1319.4	
1319.6	
1319.8	
1320.0	
1320.2	
1320.4	
1320.6	
1320.8	
1321.0	
1321.2	
1321.4	
1321.6	
1321.8	
1322.0	
1322.2	
1322.4	
1322.6	
1322.8	
1323.0	
1323.2	
1323.4	
1323.6	
1323.8	
1324.0	
1324.2	
1324.4	
1324.6	
1324.8	
1325.0	
1325.2	
1325.4	
1325.6	
1325.8	
1326.0	
1326.2	
1326.4	
1326.6	
1326.8	
1327.0	
1327.2	
1327.4	
1327.6	
1327.8	
1328.0	
1328.2	
1328.4	
1328.6	
1328.8	
1329.0	
1329.2	
1329.4	
1329.6	
1329.8	
1330.0	
1330.2	
1330.4	
1330.6	
1330.8	
1331.0	
1331.2	
1331.4	
1331.6	
1331.8	
1332.0	
1332.2	
1332.4	
1332.6	
1332.8	
1333.0	
1333.2	
1333.4	
1333.6	
1333.8	
1334.0	
1334.2	
1334.4	
1334.6	
1334.8	
1335.0	
1335.2	
1335.4	
1335.6	
1335.8	
1336.0	
1336.2	
1336.4	
1336.6	
1336.8	
1337.0	
1337.2	
1337.4	
1337.6	
1337.8	
1338.0	
1338.2	
1338.4	
1338.6	
1338.8	
1339.0	
1339.2	
1339.4	
1339.6	
1339.8	
1340.0	
1340.2	
1340.4	
1340.6	
1340.8	
1341.0	
1341.2	
1341.4	
1341.6	
1341.8	
1342.0	
1342.2	
1342.4	
1342.6	
1342.8	
1343.0	
1343.2	
1343.4	
1343.6	
1343.8	
1344.0	
1344.2	
1344.4	
1344.6	
1344.8	
1345.0	
1345.2	
1345.4	
1345.6	
1345.8	
1346.0	
1346.2	
1346.4	
1346.6	
1346.8	
1347.0	
1347.2	
1347.4	
1347.6	
1347.8	
1348.0	
1348.2	
1348.4	
1348.6	
1348.8	
1349.0	
1349.2	
1349.4	
1349.6	
1349.8	
1350.0	
1350.2	
1350.4	
1350.6	
1350.8	
1351.0	
1351.2	
1351.4	
1351.6	
1351.8	
1352.0	
1352.2	
1352.4	
1352.6	
1352.8	
1353.0	
1353.2	
1353.4	
1353.6	
1353.8	
1354.0	
1354.2	
1354.4	
1354.6	
1354.8	
1355.0	
1355.2	
1355.4	
1355.6	
1355.8	
1356.0	
1356.2	
1356.4	
1356.6	
1356.8	
1357.0	
1357.2	
1357.4	
1357.6	
1357.8	
1358.0	
1358.2	
1358.4	
1358.6	
1358.8	
1359.0	
1359.2	
1359.4	
1359.6	
1359.8	
1360.0	
1360.2	
1360.4	
1360.6	
1360.8	
1361.0	
1361.2	
1361.4	
1361.6	
1361.8	
1362.0	
1362.2	
1362.4	
1362.6	
1362.8	
1363.0	
1363.2	
1363.4	
1363.6	
1363.8	
1364.0	
1364.2	
1364.4	
1364.6	
1364.8	
1365.0	
1365.2	
1365.4	
1365.6	
1365.8	
1366.0	
1366.2	
1366.4	
1366.6	
1366.8	
1367.0	
1367.2	
1367.4	
1367.6	
1367.8	
1368.0	
1368.2	
1368.4	
1368.6	
1368.8	
1369.0	
1369.2	
1369.4	
1369.6	
1369.8	
1370.0	
1370.2	
1370.4	
1370.6	
1370.8	
1371.0	
1371.2	
1371.4	
1371.6	
1371.8	
1372.0	
1372.2	
1372.4	
1372.6	
1372.8	
1373.0	
1373.2	
1373.4	
1373.6	
1373.8	
1374.0	
1374.2	
1374.4	
1374.6	
1374.8	
1375.0	
1375.2	
1375.4	
1375.6	
1375.8	
1376.0	
1376.2	
1376.4	
1376.6	
1376.8	
1377.0	
1377.2	
1377.4	
1377.6	
1377.8	
1378.0	
1378.2	
1378.4	
1378.6	
1378.8	
1379.0	
1379.2	
1379.4	
1379.6	
1379.8	
1380.0	
1380.2	
1380.4	
1380.6	
1380.8	
1381.0	
1381.2	
1381.4	
1381.6	
1381.8	
1382.0	
1382.2	
1382.4	
1382.6	
1382.8	
1383.0	
1383.2	
1383.4	
1383.6	
1383.8	
1384.0	
1384.2	
1384.4	
1384.6	
1384.8	
1385.0	
1385.2	
1385.4	
1385.6	
1385.8	
1386.0	
1386.2	
1386.4	
1386.6	
1386.8	
1387.0	
1387.2	
1387.4	
1387.6	
1387.8	
1388.0	
1388.2	
1388.4	
1388.6	
1388.8	
1389.0	
1389.2	
1389.4	
1389.6	
1389.8	
1390.0	
1390.2	
1390.4	
1390.6	
1390.8	
1391.0	
1391.2	
1391.4	
1391.6	
1391.8	
1392.0	
1392.2	
1392.4	
1392.6	
1392.8	
1393.0	
1393.2	
1393.4	
1393.6	
1393.8	
1394.0	
1394.2	
1394.4	
1394.6	
1394.8	
1395.0	
1395.2	
1395.4	
1395.6	
1395.8	
1396.0	
1396.2	
1396.4	
1396.6	
1396.8	
1397.0	
1397.2	
1397.4	
1397.6	
1397.8	
1398.0	
1398.2	
1398.4	
1398.6	
1398.8	
1399.0	
1399.2	
1399.4	
1399.6	
1399.8	
1400.0	
1400.2	
1400.4	
1400.6	
1400.8	
1401.0	
1401.2	
1401.4	
1401.6	
1401.8	
1402.0	
1402.2	
1402.4	
1402.6	
1402.8	
1403.0	
1403.2	
1403.4	
1403.6	
1403.8	
1404.0	
1404.2	
1404.4	
1404.6	
1404.8	
1405.0	
1405.2	
1405.4	
1405.6	
1405.8	
1406.0	
1406.2	
1406.4	
1406.6	
1406.8	
1407.0	
1407.2	
1407.4	
1407.6	
1407.8	
1408.0	
1408.2	
1408.4	
1408.6	
1408.8	
1409.0	
1409.2	
1409.4	
1409.6	
1409.8	
1410.0	
1410.2	
1410.4	
1410.6	
1410.8	
1411.0	
1411.2	
1411.4	
1411.6	
1411.8	
1412.0	
1412.2	
1412.4	
1412.6	
1412.8	
1413.0	
1413.2	
1413.4	
1413.6	
1413.8	
1414.0	
1414.2	
1414.4	
1414.6	
1414.8	
1415.0	
1415.2	
1415.4	
1415.6	
1415.8	
1416.0	
1416.2	
1416.4	
1416.6	
1416.8	
1417.0	
1417.2	
1417.4	
1417.6	
1417.8	
1418.0	
1418.2	
1418.4	
1418.6	
1418.8	
1419.0	
1419.2	
1419.4	
1419.6	
1419.8	
1420.0	
1420.2	
1420.4	
1420.6	
1420.8	
1421.0	
1421.2	
1421.4	
1421.6	
1421.8	
1422.0	
1422.2	
1422.4	
1422.6	
1422.8	
1423.0	
1423.2	
1423.4	
1423.6	
1423.8	
1424.0	
1424.2	
1424.4	
1424.6	
1424.8	
1425.0	
1425.2	
1425.4	
1425.6	
1425.8	
1426.0	
1426.2	
1426.4	
1426.6	
1426.8	
1427.0	
1427.2	
1427.4	
1427.6	
1427.8	
1428.0	
1428.2	
1428.4	
1428.6	
1428.8	
1429.0	
1429.2	
1429.4	
1429.6	
1429.8	
1430.0	
1430.2	
1430.4	
1430.6	
1430.8	
1431.0	
1431.2	
1431.4	
1431.6	
1431.8	
1432.0	
1432.2	
1432.4	
1432.6	
1432.8	
1433.0	
1433.2	
1433.4	
1433.6	
1433.8	
1434.0	
1434.2	
1434.4	
1434.6	
1434.8	
1435.0	
1435.2	
1435.4	
1435.6	
1435.8	
1436.0	
1436.2	
1436.4	
1436.6	
1436.8	
1437.0	
1437.2	
1437.4	
1437.6	
1437.8	
1438.0	
1438.2	
1438.4	
1438.6	
1438.8	
1439.0	
1439.2	
1439.4	
1439.6	
1439.8	
1440.0	
1440.2	
1440.4	
1440.6	
1440.8	
1441.0	
1441.2	
1441.4	
1441.6	
1441.8	
1442.0	
1442.2	
1442.4	
1442.6	
1442.8	
1443.0	
1443.2	
1443.4	
1443.6	
1443.8	
1444.0	
1444.2	
1444.4	
1444.6	
1444.8	
1445.0	
1445.2	
1445.4	
1445.6	
1445.8	
1446.0	
1446.2	
1446.4	
1446.6	
1446.8	
1447.0	
1447.2	
1447.4	
1447.6	
1447.8	
1448.0	
1448.2	
1448.4	
1448.6	
1448.8	
1449.0	
1449.2	
1449.4	
1449.6	
1449.8	
1450.0	
1450.2	
1450.4	
1450.6	
1450.8	
1451.0	
1451.2	
1451.4	
1451.6	
1451.8	
1452.0	
1452.2	
1452.4	
1452.6	
1452.8	
1453.0	
1453.2	
1453.4	
1453.6	
1453.8	
1454.0	
1454.2	
1454.4	
1454.6	
1454.8	
1455.0	
1455.2	
1455.4	
1455.6	
1455.8	
1456.0	
1456.2	
1456.4	
1456.6	
1456.8	
1457.0	
1457.2	
1457.4	
1457.6	
1457.8	
1458.0	
1458.2	
1458.4	
1458.6	
1458.8	
1459.0	
1459.2	
1459.4	
1459.6	
1459.8	
1460.0	
1460.2	
1460.4	
1460.6	
1460.8	
1461.0	
1461.2	
1461.4	
1461.6	
1461.8	
1462.0	
1462.2	
1462.4	
1462.6	
1462.8	
1463.0	
1463.2	
1463.4	
1463.6	
1463.8	
1464.0	
1464.2	
1464.4	
1464.6	
1464.8	
1465.0	
1465.2	
1465.4	
1465.6	
1465.8	
1466.0	
1466.2	
1466.4	
1466.6	
1466.8	
1467.0	
1467.2	
1467.4	
1467.6	
1467.8	
1468.0	
1468.2	
1468.4	
1468.6	
1468.8	
1469.0	
1469.2	
1469.4	
1469.6	
1469.8	
1470.0	
1470.2	
1470.4	
1470.6	
1470.8	
1471.0	
1471.2	
1471.4	
1471.6	
1471.8	
1472.0	
1472.2	
1472.4	
1472.6	
1472.8	
1473.0	
1473.2	
1473.4	
1473.6	
1473.8	
1474.0	
1474.2	
1474.4	
1474.6	
1474.8	
1475.0	
1475.2	
1475.4	
1475.6	
1475.8	
1476.0	
1476.2	
1476.4	
1476.6	
1476.8	
1477.0	
1477.2	
1477.4	
1477.6	
1477.8	
1478.0	
1478.2	
1478.4	
1478.6	
1478.8	
1479.0	
1479.2	
1479.4	
1479.6	
1479.8	
1480.0	
1480.2	
1480.4	
1480.6	
1480.8	
1481.0	
1481.2	
1481.4	
1481.6	
1481.8	
1482.0	
1482.2	
1482.4	
1482.6	
1482.8	
1483.0	
1483.2	
1483.4	
1483.6	
1483.8	
1484.0	
1484.2	
1484.4	
1484.6	
1484.8	
1485.0	
1485.2	
1485.4	
1485.6	
1485.8	
1486.0	
1486.2	
1486.4	
1486.6	
1486.8	
1487.0	
1487.2	
1487.4	
1487.6	
1487.8	
1488.0	
1488.2	
1488.4	
1488.6	
1488.8	
1489.0	
1489.2	
1489.4	
1489.6	
1489.8	
1490.0	
1490.2	
1490.4	
1490.6	
1490.8	
1491.0	
1491.2	
1491.4	
1491.6	
1491.8	
1492.0	
1492.2	
1492.4	
1492.6	
1492.8	
1493.0	
1493.2	
1493.4	
1493.6	
1493.8	
1494.0	
1494.2	
1494.4	
1494.6	
1494.8	
1495.0	
1495.2	
1495.4	
1495.6	
1495.8	
1496.0	
1496.2	
1496.4	
1496.6	
1496.8	
1497.0	
1497.2	
1497.4	
1497.6	
1497.8	
1498.0	
1498.2	
1498.4	
1498.6	
1498.8	
1499.0	
1499.2	
1499.4	
1499.6	
1499.8	
1500.0	
1500.2	
1500.4	
1500.6	
1500.8	
1501.0	
1501.2	
1501.4	
1501.6	
1501.8	
1502.0	
1502.2	
1502.4	
1502.6	
1502.8	
1503.0	
1503.2	
1503.4	
1503.6	
1503.8	
1504.0	
1504.2	
1504.4	
1504.6	
1504.8	
1505.0	
1505.2	
1505.4	
1505.6	
1505.8	
1506.0	
1506.2	
1506.4	
1506.6	
1506.8	
1507.0	
1507.2	
1507.4	
1507.6	
1507.8	
1508.0	
1508.2	
1508.4	
1508.6	
1508.8	
1509.0	
1509.2	
1509.4	
1509.6	
1509.8	
1510.0	
1510.2	
1510.4	
1510.6	
1510.8	
1511.0	
1511.2	
1511.4	
1511.6	
1511.8	
1512.0	
1512.2	
1512.4	
1512.6	
1512.8	
1513.0	
1513.2	
1513.4	
1513.6	
1513.8	
1514.0	
1514.2	
1514.4	
1514.6	
1514.8	
1515.0	
1515.2	
1515.4	
1515.6	
1515.8	
1516.0	
1516.2	
1516.4	
1516.6	
1516.8	
1517.0	
1517.2	
1517.4	
1517.6	
1517.8	
1518.0	
1518.2	
1518.4	
1518.6	
1518.8	
1519.0	
1519.2	
1519.4	
1519.6	
1519.8	
1520.0	
1520.2	
1520.4	
1520.6	
1520.8	
1521.0	
1521.2	
1521.4	
1521.6	
1521.8	
1522.0	
1522.2	
1522.4	
1522.6	
1522.8	
1523.0	
1523.2	
1523.4	
1523.6	
1523.8	
1524.0	
1524.2	
1524.4	
1524.6	
1524.8	
1525.0	
1525.2	
1525.4	
1525.6	
1525.8	
1526.0	
1526.2	
1526.4	
1526.6	
1526.8	
1527.0	
1527.2	
1527.4	
1527.6	
1527.8	
1528.0	
1528.2	
1528.4	
1528.6	
1528.8	
1529.0	
1529.2	
1529.4	
1529.6	
1529.8	
1530.0	
1530.2	
1530.4	
1530.6	
1530.8	
1531.0	
1531.2	
1531.4	
1531.6	
1531.8	
1532.0	
1532.2	
1532.4	
1532.6	
1532.8	
1533.0	
1533.2	
1533.4	
1533.6	
1533.8	
1534.0	
1534.2	
1534.4	
1534.6	
1534.8	
1535.0	
1535.2	
1535.4	
1535.6	
1535.8	
1536.0	
1536.2	
1536.4	
1536.6	
1536.8	
1537.0	
1537.2	
1537.4	
1537.6	
1537.8	
1538.0	
1538.2	
1538.4	
1538.6	
1538.8	
1539.0	
1539.2	
1539.4	
1539.6	
1539.8	
1540.0	
1540.2	
1540.4	
1540.6	
1540.8	
1541.0	
1541.2	
1541.4	
1541.6	
1541.8	
1542.0	
1542.2	
1542.4	
1542.6	
1542.8	
1543.0	
1543.2	
1543.4	
1543.6	
1543.8	
1544.0	
1544.2	
1544.4	
1544.6	
1544.8	
1545.0	
1545.2	
1545.4	
1545.6	
1545.8	
1546.0	
1546.2	
1546.4	
1546.6	
1546.8	
1547.0	
1547.2	
1547.4	
1547.6	
1547.8	
1548.0	
1548.2	
1548.4	
1548.6	
1548.8	
1549.0	
1549.2	
1549.4	
1549.6	
1549.8	
1550.0	
1550.2	
1550.4	
1550.6	
1550.8	
1551.0	
1551.2	
1551.4	
1551.6	
1551.8	
1552.0	
1552.2	
1552.4	
1552.6	
1552.8	
1553.0	
1553.2	
1553.4	
1553.6	
1553.8	
1554.0	
1554.2	
1554.4	
1554.6	
1554.8	
1555.0	
1555.2	
1555.4	
1555.6	
1555.8	
1556.0	
1556.2	
1556.4	
1556.6	
1556.8	
1557.0	
1557.2	
1557.4	
1557.6	
1557.8	
1558.0	
1558.2	
1558.4	
1558.6	
1558.8	
1559.0	
1559.2	
1559.4	
1559.6	
1559.8	
1560.0	
1560.2	
1560.4	
1560.6	
1560.8	
1561.0	
1561.2	
1561.4	
1561.6	
1561.8	
1562.0	
1562.2	
1562.4	
1562.6	
1562.8	
1563.0	
1563.2	
1563.4	
1563.6	
1563.8	
1564.0	
1564.2	
1564.4	
1564.6	
1564.8	
1565.0	
1565.2	
1565.4	
1565.6	
1565.8	
1566.0	
1566.2	
1566.4	
1566.6	
1566.8	
1567.0	
1567.2	
1567.4	
1567.6	
1567.8	
1568.0	
1568.2	
1568.4	
1568.6	
1568.8	
1569.0	
1569.2	
1569.4	
1569.6	
1569.8	
1570.0	
1570.2	
1570.4	
1570.6	
1570.8	
1571.0	
1571.2	
1571.4	
1571.6	
1571.8	
1572.0	
1572.2	
1572.4	
1572.6	
1572.8	
1573.0	
1573.2	
1573.4	
1573.6	
1573.8	
1574.0	
1574.2	
1574.4	
1574.6	
1574.8	
1575.0	
1575.2	
1575.4	
1575.6	
1575.8	
1576.0	
1576.2	
1576.4	
1576.6	
1576.8	
1577.0	
1577.2	
1577.4	
1577.6	
1577.8	
1578.0	
1578.2	
1578.4	
1578.6	
1578.8	
1579.0	
1579.2	
1579.4	
1579.6	
1579.8	
1580.0	
1580.2	
1580.4	
1580.6	
1580.8	
1581.0	
1581.2	
1581.4	
1581.6	
1581.8	
1582.0	
1582.2	
1582.4	
1582.6	
1582.8	
1583.0	
1583.2	
1583.4	
1583.6	
1583.8	
1584.0	
1584.2	
1584.4	
1584.6	
1584.8	
1585.0	
1585.2	
1585.4	
1585.6	
1585.8	
1586.0	
1586.2	
1586.4	
1586.6	
1586.8	
1587.0	
1587.2	
1587.4	
1587.6	
1587.8	
1588.0	
1588.2	
1588.4	
1588.6	
1588.8	
1589.0	
1589.2	
1589.4	
1589.6	
1589.8	
1590.0	
1590.2	
1590.4	
1590.6	
1590.8	
1591.0	
1591.2	
1591.4	
1591.6	
1591.8	
1592.0	
1592.2	
1592.4	
1592.6	
1592.8	
1593.0	
1593.2	
1593.4	
1593.6	
1593.8	
1594.0	
1594.2	
1594.4	
1594.6	
1594.8	
1595.0	
1595.2	
1595.4	
1595.6	
1595.8	
1596.0	
1596.2	
1596.4	
1596.6	
1596.8	
1597.0	
1597.2	
1597.4	
1597.6	
1597.8	
1598.0	
1598.2	
1598.4	
1598.6	
1598.8	
1599.0	
1599.2	
1599.4	
1599.6	
1599.8	
1600.0	
1600.2	
1600.4	
1600.6	
1600.8	
1601.0	
1601.2	
1601.4	
1601.6	
1601.8	
1602.0	
1602.2	
1602.4	
1602.6	
1602.8	
1603.0	
1603.2	
1603.4	
1603.6	
1603.8	
1604.0	
1604.2	
1604.4	
1604.6	
1604.8	
1605.0	
1605.2	
1605.4	
1605.6	
1605.8	
1606.0	
1606.2	
1606.4	
1606.6	
1606.8	
1607.0	
1607.2	
1607.4	
1607.6	
1607.8	
1608.0	
1608.2	
1608.4	
1608.6	
1608.8	
1609.0	
1609.2	
1609.4	
1609.6	
1609.8	
1610.0	
1610.2	
1610.4	
1610.6	
1610.8	
1611.0	
1611.2	
1611.4	
1611.6	
1611.8	
1612.0	
1612.2	
1612.4	
1612.6	
1612.8	
1613.0	
1613.2	
1613.4	
1613.6	
1613.8	
1614.0	
1614.2	
1614.4	
1614.6	
1614.8	
1615.0	
1615.2	
1615.4	
1615.6	
1615.8	
1616.0	
1616.2	
1616.4	
1616.6	
1616.8	
1617.0	
1617.2	
1617.4	
1617.6	
1617.8	
1618.0	
1618.2	
1618.4	
1618.6	
1618.8	
1619.0	
1619.2	
1619.4	
1619.6	
1619.8	
1620.0	
1620.2	
1620.4	
1620.6	
1620.8	
1621.0	
1621.2	
1621.4	
1621.6	
1621.8	
1622.0	
1622.2	
1622.4	
1622.6	
1622.8	
1623.0	
1623.2	
1623.4	
1623.6	
1623.8	
1624.0	
1624.2	
1624.4	
1624.6	
1624.8	
1625.0	
1625.2	
1625.4	
1625.6	
1625.8	
1626.0	
1626.2	
1626.4	
1626.6	
1626.8	
1627.0	
1627.2	
1627.4	
1627.6	
1627.8	
1628.0	
1628.2	
1628.4	
1628.6	
1628.8	
1629.0	
1629.2	
1629.4	
1629.6	
1629.8	
1630.0	
1630.2	
1630.4	
1630.6	
1630.8	
1631.0	
1631.2	
1631.4	
1631.6	
1631.8	
1632.0	
1632.2	
1632.4	
1632.6	
1632.8	
1633.0	
1633.2	
1633.4	
1633.6	
1633.8	
1634.0	
1634.2	
1634.4	
1634.6	
1634.8	
1635.0	
1635.2	
1635.4	
1635.6	
1635.8	
1636.0	
1636.2	
1636.4	
1636.6	
1636.8	
1637.0	
1637.2	
1637.4	
1637.6	
1637.8	
1638.0	
1638.2	
1638.4	
1638.6	
1638.8	
1639.0	
1639.2	
1639.4	
1639.6	
1639.8	
1640.0	
1640.2	
1640.4	
1640.6	
1640.8	
1641.0	
1641.2	
1641.4	
1641.6	
1641.8	
1642.0	
1642.2	
1642.4	
1642.6	
1642.8	
1643.0	
1643.2	
1643.4	
1643.6	
1643.8	
1644.0	
1644.2	
1644.4	
1644.6	
1644.8	
1645.0	
1645.2	
1645.4	
1645.6	
1645.8	
1646.0	
1646.2	
1646.4	
1646.6	
1646.8	
1647.0	
1647.2	
1647.4	
1647.6	
1647.8	
1648.0	
1648.2	
1648.4	
1648.6	
1648.8	
1649.0	
1649.2	
1649.4	
1649.6	
1649.8	
1650.0	
1650.2	
1650.4	
1650.6	
1650.8	
1651.0	
1651.2	
1651.4	
1651.6	
1651.8	
1652.0	
1652.2	
1652.4	
1652.6	
1652.8	
1653.0	
1653.2	
1653.4	
1653.6	
1653.8	
1654.0	
1654.2	
1654.4	
1654.6	
1654.8	
1655.0	
1655.2	
1655.4	
1655.6	
1655.8	
1656.0	
1656.2	
1656.4	
1656.6	
1656.8	
1657.0	
1657.2	
1657.4	
1657.6	
1657.8	
1658.0	
1658.2	
1658.4	
1658.6	
1658.8	
1659.0	
1659.2	
1659.4	
1659.6	
1659.8	
1660.0	
1660.2	
1660.4	
1660.6	
1660.8	
1661.0	
1661.2	
1661.4	
1661.6	
1661.8	
1662.0	
1662.2	
1662.4	
1662.6	
1662.8	
1663.0	
1663.2	
1663.4	
1663.6	
1663.8	
1664.0	
1664.2	
1664.4	
1664.6	
1664.8	
1665.0	
1665.2	
1665.4	
1665.6	
1665.8	
1666.0	
1666.2	
1666.4	
1666.6	
1666.8	
1667.0	
1667.2	
1667.4	
1667.6	
1667.8	
1668.0	
1668.2	
1668.4	
1668.6	
1668.8	
1669.0	
1669.2	
1669.4	
1669.6	
1669.8	
1670.0	
1670.2	
1670.4	
1670.6	
1670.8	
1671.0	
1671.2	
1671.4	
1671.6	
1671.8	
1672.0	
1672.2	
1672.4	
1672.6	
1672.8	
1673.0	
1673.2	
1673.4	
1673.6	
1673.8	
1674.0	
1674.2	
1674.4	
1674.6	
1674.8	
1675.0	
1675.2	
1675.4	
1675.6	
1675.8	
1676.0	
1676.2	
1676.4	
1676.6	
1676.8	
1677.0	
1677.2	
1677.4	
1677.6	
1677.8	
1678.0	
1678.2	
1678.4	
1678.6	
1678.8	
1679.0	
1679.2	
1679.4	
1679.6	
1679.8	
1680.0	
1680.2	
1680.4	
1680.6	
1680.8	
1681.0	
1681.2	
1681.4	
1681.6	
1681.8	
1682.0	
1682.2	
1682.4	
1682.6	
1682.8	
1683.0	
1683.2	
1683.4	
1683.6	
1683.8	
1684.0	
1684.2	
1684.4	
1684.6	
1684.8	
1685.0	
1685.2	
1685.4	
1685.6	
1685.8	
1686.0	
1686.2	
1686.4	
1686.6	
1686.8	
1687.0	
1687.2	
1687.4	
1687.6	
1687.8	
1688.0	
1688.2	
1688.4	
1688.6	
1688.8	
1689.0	
1689.2	
1689.4	
1689.6	
1689.8	
1690.0	
1690.2	
1690.4	
1690.6	
1690.8	
1691.0	
1691.2	
1691.4	
1691.6	
1691.8	
1692.0	
1692.2	
1692.4	
1692.6	
1692.8	
1693.0	
1693.2	
1693.4	
1693.6	
1693.8	
1694.0	
1694.2	
1694.4	
1694.6	
1694.8	
1695.0	
1695.2	
1695.4	
1695.6	
1695.8	
1696.0	
1696.2	
1696.4	
1696.6	
1696.8	
1697.0	
1697.2	
1697.4	
1697.6	
1697.8	
1698.0	
1698.2	
1698.4	
1698.6	
1698.8	
1699.0	
1699.2	
1699.4	
1699.6	
1699.8	
1700.0	
1700.2	
1700.4	
1700.6	
1700.8	
1701.0	
1701.2	
1701.4	
1701.6	
1701.8	
1702.0	
1702.2	
1702.4	
1702.6	
1702.8	
1703.0	
1703.2	
1703.4	
1703.6	
1703.8	
1704.0	
1704.2	
1704.4	
1704.6	
1704.8	
1705.0	
1705.2	
1705.4	
1705.6	
1705.8	
1706.0	
1706.2	
1706.4	
1706.6	
1706.8	
1707.0	
1707.2	
1707.4	
1707.6	
1707.8	
1708.0	
1708.2	
1708.4	
1708.6	
1708.8	
1709.0	
1709.2	
1709.4	
1709.6	
1709.8	
1710.0	
1710.2	
1710.4	
1710.6	
1710.8	
1711.0	
1711.2	
1711.4	
1711.6	
1711.8	
1712.0	
1712.2	
1712.4	
1712.6	
1712.8	
1713.0	
1713.2	
1713.4	
1713.6	
1713.8	
1714.0	
1714.2	
1714.4	
1714.6	
1714.8	
1715.0	
1715.2	
1715.4	
1715.6	
1715.8	
1716.0	
1716.2	
1716.4	
1716.6	
1716.8	
1717.0	
1717.2	
1717.4	
1717.6	
1717.8	
1718.0	
1718.2	
1718.4	
1718.6	
1718.8	
1719.0	
1719.2	
1719.4	
1719.6	
1719.8	
1720.0	
1720.2	
1720.4	
1720.6	
1720.8	
1721.0	
1721.2	
1721.4	
1721.6	
1721.8	
1722.0	
1722.2	
1722.4	
1722.6	
1722.8	
1723.0	
1723.2	
1723.4	
1723.6	
1723.8	
1724.0	
1724.2	
1724.4	
1724.6	
1724.8	
1725.0	
1725.2	
1725.4	
1725.6	
1725.8	
1726.0	
1726.2	
1726.4	
1726.6	
1726.8	
1727.0	
1727.2	
1727.4	
1727.6	
1727.8	
1728.0	
1728.2	
1728.4	
1728.6	
1728.8	
1729.0	
1729.2	
1729.4	
1729.6	
1729.8	
1730.0	
1730.2	
1730.4	
1730.6	
1730.8	
1731.0	
1731.2	
1731.4	
1731.6	
1731.8	
1732.0	
1732.2	
1732.4	
1732.6	
1732.8	
1733.0	
1733.2	
1733.4	
1733.6	
1733.8	
1734.0	
1734.2	
1734.4	
1734.6	
1734.8	
1735.0	
1735.2	
1735.4	
1735.6	
1735.8	
1736.0	
1736.2	
1736.4	
1736.6	
1736.8	
1737.0	
1737.2	
1737.4	
1737.6	
1737.8	
1738.0	
1738.2	
1738.4	
1738.6	
1738.8	
1739.0	
1739.2	
1739.4	
1739.6	
1739.8	
1740.0	
1740.2	
1740.4	
1740.6	
1740.8	
1741.0	
1741.2	
1741.4	
1741.6	
1741.8	
1742.0	
1742.2	
1742.4	
1742.6	
1742.8	
1743.0	
1743.2	
1743.4	
1743.6	
1743.8	
1744.0	
1744.2	
1744.4	
1744.6	
1744.8	
1745.0	
1745.2	
1745.4	
1745.6	
1745.8	
1746.0	
1746.2	
1746.4	
1746.6	
1746.8	
1747.0	
1747.2	
1747.4	
1747.6	
1747.8	
1748.0	
1748.2	
1748.4	
1748.6	
1748.8	
1749.0	
1749.2	
1749.4	
1749.6	
1749.8	
1750.0	
1750.2	
1750.4	
1750.6	
1750.8	
1751.0	
1751.2	
1751.4	
1751.6	
1751.8	
1752.0	
1752.2	
1752.4	
1752.6	
1752.8	
1753.0	
1753.2	
1753.4	
1753.6	
1753.8	
1754.0	
1754.2	
1754.4	
1754.6	
1754.8	
1755.0	
1755.2	
1755.4	
1755.6	
1755.8	
1756.0	
1756.2	
1756.4	
1756.6	
1756.8	
1757.0	
1757.2	
1757.4	
1757.6	
1757.8	
1758.0	
1758.2	
1758.4	
1758.6	
1758.8	
1759.0	
1759.2	
1759.4	
1759.6	
1759.8	
1760.0	
1760.2	
1760.4	
1760.6	
1760.8	
1761.0	
1761.2	
1761.4	
1761.6	
1761.8	
1762.0	
1762.2	
1762.4	
1762.6	
1762.8	
1763.0	
1763.2	
1763.4	
1763.6	
1763.8	
1764.0	
1764.2	
1764.4	
1764.6	
1764.8	
1765.0	
1765.2	
1765.4	
1765.6	
1765.8	
1766.0	
1766.2	
1766.4	
1766.6	
1766.8	
1767.0	
1767.2	
1767.4	
1767.6	
1767.8	
1768.0	
1768.2	
1768.4	
1768.6	
1768.8	
1769.0	
1769.2	
1769.4	
1769.6	
1769.8	
1770.0	
1770.2	
1770.4	
1770.6	
1770.8	
1771.0	
1771.2	
1771.4	
1771.6	
1771.8	
1772.0	
1772.2	
1772.4	
1772.6	
1772.8	
1773.0	
1773.2	
1773.4	
1773.6	
1773.8	
1774.0	
1774.2	
1774.4	
1774.6	
1774.8	
1775.0	
1775.2	
1775.4	
1775.6	
1775.8	
1776.0	
1776.2	
1776.4	
1776.6	
1776.8	
1777.0	
1777.2	
1777.4	
1777.6	
1777.8	
1778.0	
1778.2	
1778.4	
1778.6	
1778.8	
1779.0	
1779.2	
1779.4	
1779.6	
1779.8	
1780.0	
1780.2	
1780.4	
1780.6	
1780.8	
1781.0	
1781.2	
1781.4	
1781.6	
1781.8	
1782.0	
1782.2	
1782.4	
1782.6	
1782.8	
1783.0	
1783.2	
1783.4	
1783.6	
1783.8	
1784.0	
1784.2	
1784.4	
1784.6	
1784.8	
1785.0	
1785.2	
1785.4	
1785.6	
1785.8	
1786.0	
1786.2	
1786.4	
1786.6	
1786.8	
1787.0	
1787.2	
1787.4	
1787.6	
1787.8	
1788.0	
1788.2	
1788.4	
1788.6	
1788.8	
1789.0	
1789.2	
1789.4	
1789.6	
1789.8	
1790.0	
1790.2	
1790.4	
1790.6	
1790.8	
1791.0	
1791.2	
1791.4	
1791.6	
1791.8	
1792.0	
1792.2	
1792.4	
1792.6	
1792.8	
1793.0	
1793.2	
1793.4	
1793.6	
1793.8	
1794.0	
1794.2	
1794.4	
1794.6	
1794.8	
1795.0	
1795.2	
1795.4	
1795.6	
1795.8	
1796.0	
1796.2	
1796.4	
1796.6	
1796.8	
1797.0	
1797.2	
1797.4	
1797.6	
1797.8	
1798.0	
1798.2	
1798.4	
1798.6	
1798.8	
1799.0	
1799.2	
1799.4	
1799.6	
1799.8	
1800.0	
1800.2	
1800.4	
1800.6	
1800.8	
1801.0	
1801.2	
1801.4	
1801.6	
1801.8	
1802.0	
1802.2	
1802.4	
1802.6	
1802.8	
1803.0	
1803.2	
1803.4	
1803.6	
1803.8	
1804.0	
1804.2	
1804.4	
1804.6	
1804.8	
1805.0	
1805.2	
1805.4	
1805.6	
1805.8	
1806.0	
1806.2	
1806.4	
1806.6	
1806.8	
1807.0	
1807.2	
1807.4	
1807.6	
1807.8	
1808.0	
1808.2	
1808.4	
1808.6	
1808.8	
1809.0	
1809.2	
1809.4	
1809.6	
1809.8	
1810.0	
1810.2	
1810.4	
1810.6	
1810.8	
1811.0	
1811.2	
1811.4	
1811.6	
1811.8	
1812.0	
1812.2	
1812.4	
1812.6	
1812.8	
1813.0	
1813.2	
1813.4	
1813.6	
1813.8	
1814.0	
1814.2	
1814.4	
1814.6	
1814.8	
1815.0	
1815.2	
1815.4	
1815.6	
1815.8	
1816.0	
1816.2	
1816.4	
1816.6	
1816.8	
1817.0	
1817.2	
1817.4	
1817.6	
1817.8	
1818.0	
1818.2	
1818.4	
1818.6	
1818.8	
1819.0	
1819.2	
1819.4	
1819.6	
1819.8	
1820.0	
1820.2	
1820.4	
1820.6	
1820.8	
1821.0	
1821.2	
1821.4	
1821.6	
1821.8	
1822.0	
1822.2	
1822.4	
1822.6	
1822.8	
1823.0	
1823.2	
1823.4	
1823.6	
1823.8	
1824.0	
1824.2	
1824.4	
1824.6	
1824.8	
1825.0	
1825.2	
1825.4	
1825.6	
1825.8	
1826.0	
1826.2	
1826.4	
1826.6	
1826.8	
1827.0	
1827.2	
1827.4	
1827.6	
1827.8	
1828.0	
1828.2	
1828.4	
1828.6	
1828.8	
1829.0	
1829.2	
1829.4	
1829.6	
1829.8	
1830.0	
1830.2	
1830.4	
1830.6	
1830.8	
1831.0	
1831.2	
1831.4	
1831.6	
1831.8	
1832.0	
1832.2	
1832.4	
1832.6	
1832.8	
1833.0	
1833.2	
1833.4	
1833.6	
1833.8	
1834.0	
1834.2	
1834.4	
1834.6	
1834.8	
1835.0	
1835.2	
1835.4	
1835.6	
1835.8	
1836.0	
1836.2	
1836.4	
1836.6	
1836.8	
1837.0	
1837.2	
1837.4	
1837.6	
1837.8	
1838.0	
1838.2	
1838.4	
1838.6	
1838.8	
1839.0	
1839.2	
1839.4	
1839.6	
1839.8	
1840.0	
1840.2	
1840.4	
1840.6	
1840.8	
1841.0	
1841.2	
1841.4	
1841.6	
1841.8	
1842.0	
1842.2	
1842.4	
1842.6	
1842.8	
1843.0	
1843.2	
1843.4	
1843.6	
1843.8	
1844.0	
1844.2	
1844.4	
1844.6	
1844.8	
1845.0	
1845.2	
1845.4	
1845.6	
1845.8	
1846.0	
1846.2	
1846.4	
1846.6	
1846.8	
1847.0	
1847.2	
1847.4	
1847.6	
1847.8	
1848.0	
1848.2	
1848.4	
1848.6	
1848.8	
1849.0	
1849.2	
1849.4	
1849.6	
1849.8	
1850.0	
1850.2	
1850.4	
1850.6	
1850.8	
1851.0	
1851.2	
1851.4	
1851.6	
1851.8	
1852.0	
1852.2	
1852.4	
1852.6	
1852.8	
1853.0	
1853.2	
1853.4	
1853.6	
1853.8	
1854.0	
1854.2	
1854.4	
1854.6	
1854.8	
1855.0	
1855.2	
1855.4	
1855.6	
1855.8	
1856.0	
1856.2	
1856.4	
1856.6	
1856.8	
1857.0	
1857.2	
1857.4	
1857.6	
1857.8	
1858.0	
1858.2	
1858.4	
1858.6	
1858.8	
1859.0	
1859.2	
1859.4	
1859.6	
1859.8	
1860.0	
1860.2	
1860.4	
1860.6	
1860.8	
1861.0	
1861.2	
1861.4	
1861.6	
1861.8	
1862.0	
1862.2	
1862.4	
1862.6	
1862.8	
1863.0	
1863.2	
1863.4	
1863.6	
1863.8	
1864.0	
1864.2	
1864.4	
1864.6	
1864.8	
1865.0	
1865.2	
1865.4	
1865.6	
1865.8	
1866.0	
1866.2	
1866.4	
1866.6	
1866.8	
1867.0	
1867.2	
1867.4	
1867.6	
1867.8	
1868.0	
1868.2	
1868.4	
1868.6	
1868.8	
1869.0	
1869.2	
1869.4	
1869.6	
1869.8	
1870.0	
1870.2	
1870.4	
1870.6	
1870.8	
1871.0	
1871.2	
1871.4	
1871.6	
1871.8	
1872.0	
1872.2	
1872.4	
1872.6	
1872.8	
1873.0	
1873.2	
1873.4	
1873.6	
1873.8	
1874.0	
1874.2	
1874.4	
1874.6	
1874.8	
1875.0	
1875.2	
1875.4	
1875.6	
1875.8	
1876.0	
1876.2	
1876.4	
1876.6	
1876.8	
1877.0	
1877.2	
1877.4	
1877.6	
1877.8	
1878.0	
1878.2	
1878.4	
1878.6	
1878.8	
1879.0	
1879.2	
1879.4	
1879.6	
1879.8	
1880.0	
1880.2	
1880.4	
1880.6	
1880.8	
1881.0	
1881.2	
1881.4	
1881.6	
1881.8	
1882.0	
1882.2	
1882.4	
1882.6	
1882.8	
1883.0	
1883.2	
1883.4	
1883.6	
1883.8	
1884.0	
1884.2	
1884.4	
1884.6	
1884.8	
1885.0	
1885.2	
1885.4	
1885.6	
1885.8	
1886.0	
1886.2	
1886.4	
1886.6	
1886.8	
1887.0	
1887.2	
1887.4	
1887.6	
1887.8	
1888.0	
1888.2	
1888.4	
1888.6	
1888.8	
1889.0	
1889.2	
1889.4	
1889.6	
1889.8	
1890.0	
1890.2	
1890.4	
1890.6	
1890.8	
1891.0	
1891.2	
1891.4	
1891.6	
1891.8	
1892.0	
1892.2	
1892.4	
1892.6	
1892.8	
1893.0	
1893.2	
1893.4	
1893.6	
1893.8	
1894.0	
1894.2	
1894.4	
1894.6	
1894.8	
1895.0	
1895.2	
1895.4	
1895.6	
1895.8	
1896.0	
1896.2	
1896.4	
1896.6	
1896.8	
1897.0	
1897.2	
1897.4	
1897.6	
1897.8	
1898.0	
1898.2	
1898.4	
1898.6	
1898.8	
1899.0	
1899.2	
1899.4	
1899.6	
1899.8	
1900.0	
1900.2	
1900.4	
1900.6	
1900.8	
1901.0	
1901.2	
1901.4	
1901.6	
1901.8	
1902.0	
1902.2	
1902.4	
1902.6	
1902.8	
1903.0	
1903.2	
1903.4	
1903.6	
1903.8	
1904.0	
1904.2	
1904.4	
1904.6	
1904.8	
1905.0	
1905.2	
1905.4	
1905.6	
1905.8	
1906.0	
1906.2	
1906.4	
1906.6	
1906.8	
1907.0	
1907.2	
1907.4	
1907.6	
1907.8	
1908.0	
1908.2	
1908.4	
1908.6	
1908.8	
1909.0	
1909.2	
1909.4	
1909.6	
1909.8	
1910.0	
1910.2	
1910.4	
1910.6	
1910.8	
1911.0	
1911.2	
1911.4	
1911.6	
1911.8	
1912.0	
1912.2	
1912.4	
1912.6	
1912.8	
1913.0	
1913.2	
1913.4	
1913.6	
1913.8	
1914.0	
1914.2	
1914.4	
1914.6	
1914.8	
1915.0	
1915.2	
1915.4	
1915.6	
1915.8	
1916.0	
1916.2	
1916.4	
1916.6	
1916.8	
1917.0	
1917.2	
1917.4	
1917.6	
1917.8	
1918.0	
1918.2	
1918.4	
1918.6	
1918.8	
1919.0	
1919.2	
1919.4	
1919.6	
1919.8	
1920.0	
1920.2	
1920.4	
1920.6	
1920.8	
1921.0	
1921.2	
1921.4	
1921.6	
1921.8	
1922.0	
1922.2	
1922.4	
1922.6	
1922.8	
1923.0	
1923.2	
1923.4	
1923.6	
1923.8	
1924.0	
1924.2	
1924.4	
1924.6	
1924.8	
1925.0	
1925.2	
1925.4	
1925.6	
1925.8	
1926.0	
1926.2	
1926.4	
1926.6	
1926.8	
1927.0	
1927.2	
1927.4	
1927.6	
1927.8	
1928.0	
1928.2	
1928.4	
1928.6	
1928.8	
1929.0	
1929.2	
1929.4	
1929.6	
1929.8	
1930.0	
1930.2	
1930.4	
1930.6	
1930.8	
1931.0	
1931.2	
1931.4	
1931.6	
1931.8	
1932.0	
1932.2	
1932.4	
1932.6	
1932.8	
1933.0	
1933.2	
1933.4	
1933.6	
1933.8	
1934.0	
1934.2	
1934.4	
1934.6	
1934.8	
1935.0	
1935.2	
1935.4	
1935.6	
1935.8	
1936.0	
1936.2	
1936.4	
1936.6	
1936.8	
1937.0	
1937.2	
1937.4	
1937.6	
1937.8	
1938.0	
1938.2	
1938.4	
1938.6	
1938.8	
1939.0	
1939.2	
1939.4	
1939.6	
1939.8	
1940.0	
1940.2	
1940.4	
1940.6	
1940.8	
1941.0	
1941.2	
1941.4	
1941.6	
1941.8	
1942.0	
1942.2	
1942.4	
1942.6	
1942.8	
1943.0	
1943.2	
1943.4	
1943.6	
1943.8	
1944.0	
1944.2	
1944.4	
1944.6	
1944.8	
1945.0	
1945.2	
1945.4	
1945.6	
1945.8	
1946.0	
1946.2	
1946.4	
1946.6	
1946.8	
1947.0	
1947.2	
1947.4	
1947.6	
1947.8	
1948.0	
1948.2	
1948.4	
1948.6	
1948.8	
1949.0	
1949.2	
1949.4	
1949.6	
1949.8	
1950.0	
1950.2	
1950.4	
1950.6	
1950.8	
1951.0	
1951.2	
1951.4	
1951.6	
1951.8	
1952.0	
1952.2	
1952.4	
1952.6	
1952.8	
1953.0	
1953.2	
1953.4	
1953.6	
1953.8	
1954.0	
1954.2	
1954.4	
1954.6	
1954.8	
1955.0	
1955.2	
1955.4	
1955.6	
1955.8	
1956.0	
1956.2	
1956.4	
1956.6	
1956.8	
1957.0	
1957.2	
1957.4	
1957.6	
1957.8	
1958.0	
1958.2	
1958.4	
1958.6	
1958.8	
1959.0	
1959.2	
1959.4	
1959.6	
1959.8	
1960.0	
1960.2	
1960.4	
1960.6	
1960.8	
1961.0	
1961.2	
1961.4	
1961.6	
1961.8	
1962.0	
1962.2	
1962.4	
1962.6	
1962.8	
1963.0	
1963.2	
1963.4	
1963.6	
1963.8	
1964.0	
1964.2	
1964.4	
1964.6	
1964.8	
1965.0	
1965.2	
1965.4	
1965.6	
1965.8	
1966.0	
1966.2	
1966.4	
1966.6	
1966.8	
1967.0	
1967.2	
1967.4	
1967.6	
1967.8	
1968.0	
1968.2	
1968.4	
1968.6	
1968.8	
1969.0	
1969.2	
1969.4	
1969.6	
1969.8	
1970.0	
1970.2	
1970.4	
1970.6	
1970.8	
1971.0	
1971.2	
1971.4	
1971.6	
1971.8	
1972.0	
1972.2	
1972.4	
1972.6	
1972.8	
1973.0	
1973.2	
1973.4	
1973.6	
1973.8	
1974.0	
1974.2	
1974.4	
1974.6	
1974.8	
1975.0	
1975.2	
1975.4	
1975.6	
1975.8	
1976.0	
1976.2	
1976.4	
1976.6	
1976.8	
1977.0	
1977.2	
1977.4	
1977.6	
1977.8	
1978.0	
1978.2	
1978.4	
1978.6	
1978.8	
1979.0	
1979.2	
1979.4	
1979.6	
1979.8	
1980.0	
1980.2	
1980.4	
1980.6	
1980.8	
1981.0	
1981.2	
1981.4	
1981.6	
1981.8	
1982.0	
1982.2	
1982.4	
1982.6	
1982.8	
1983.0	
1983.2	
1983.4	
1983.6	
1983.8	
1984.0	
1984.2	
1984.4	
1984.6	
1984.8	
1985.0	
1985.2	
1985.4	
1985.6	
1985.8	
1986.0	
1986.2	
1986.4	
1986.6	
1986.8	
1987.0	
1987.2	
1987.4	
1987.6	
1987.8	
1988.0	
1988.2	
1988.4	
1988.6	
1988.8	
1989.0	
1989.2	
1989.4	
1989.6	
1989.8	
1990.0	
1990.2	
1990.4	
1990.6	
1990.8	
1991.0	
1991.2	
1991.4	
1991.6	
1991.8	
1992.0	
1992.2	
1992.4	
1992.6	
1992.8	
1993.0	
1993.2	
1993.4	
1993.6	
1993.8	
1994.0	
1994.2	
1994.4	
1994.6	
1994.8	
1995.0	
1995.2	
1995.4	
1995.6	
1995.8	
1996.0	
1996.2	
1996.4	
1996.6	
1996.8	
1997.0	
1997.2	
1997.4	
1997.6	
1997.8	
1998.0	
1998.2	
1998.4	
1998.6	
1998.8	
1999.0	
1999.2	
1999.4	
1999.6	
1999.8	
2000.0	
2000.2	
2000.4	
2000.6	
2000.8	
2001.0	
2001.2	
2001.4	
2001.6	
2001.8	
2002.0	
2002.2	
2002.4	
2002.6	
2002.8	
2003.0	
2003.2	
2003.4	
2003.6	
2003.8	
2004.0	
2004.2	
2004.4	
2004.6	
2004.8	
2005.0	
2005.2	
2005.4	
2005.6	
2005.8	
2006.0	
2006.2	
2006.4	
2006.6	
2006.8	
2007.0	
2007.2	
2007.4	
2007.6	
2007.8	
2008.0	
2008.2	
2008.4	
2008.6	
2008.8	
2009.0	
2009.2	
2009.4	
2009.6	
2009.8	
2010.0	
2010.2	
2010.4	
2010.6	
2010.8	
2011.0	
2011.2	
2011.4	
2011.6	
2011.8	
2012.0	
2012.2	
2012.4	
2012.6	
2012.8	
2013.0	
2013.2	
2013.4	
2013.6	
2013.8	
2014.0	
2014.2	
2014.4	
2014.6	
2014.8	
2015.0	
2015.2	
2015.4	
2015.6	
2015.8	
2016.0	
2016.2	
2016.4	
2016.6	
2016.8	
2017.0	
2017.2	
2017.4	
2017.6	
2017.8	
2018.0	
2018.2	
2018.4	
2018.6	
2018.8	
2019.0	
2019.2	
2019.4	
2019.6	
2019.8	
2020.0	
2020.2	
2020.4	
2020.6	
2020.8	
2021.0	
2021.2	
2021.4	
2021.6	
2021.8	
2022.0	
2022.2	
2022.4	
2022.6	
2022.8	
2023.0	
2023.2	
2023.4	
2023.6	
2023.8	
2024.0	
2024.2	
2024.4	
2024.6	
2024.8	
2025.0	
2025.2	
2025.4	
2025.6	
2025.8	
2026.0	
2026.2	
2026.4	
2026.6	
2026.8	
2027.0	
2027.2	
2027.4	
2027.6	
2027.8	
2028.0	
2028.2	
2028.4	
2028.6	
2028.8	
2029.0	
2029.2	
2029.4	
2029.6	
2029.8	
2030.0	
2030.2	
2030.4	
2030.6	
2030.8	
2031.0	
2031.2	
2031.4	
2031.6	
2031.8	
2032.0	
2032.2	
2032.4	
2032.6	
2032.8	
2033.0	
2033.2	
2033.4	
2033.6	
2033.8	
2034.0	
2034.2	
2034.4	
2034.6	
2034.8	
2035.0	
2035.2	
2035.4	
2035.6	
2035.8	
2036.0	
2036.2	
2036.4	
2036.6	
2036.8	
2037.0	
2037.2	
2037.4	
2037.6	
2037.8	
2038.0	
2038.2	
2038.4	
2038.6	
2038.8	
2039.0	
2039.2	
2039.4	
2039.6	
2039.8	
2040.0	
2040.2	
2040.4	
2040.6	
2040.8	
2041.0	
2041.2	
2041.4	
2041.6	
2041.8	
2042.0	
2042.2	
2042.4	
2042.6	
2042.8	
2043.0	
2043.2	
2043.4	
2043.6	
2043.8	
2044.0	
2044.2	
2044.4	
2044.6	
2044.8	
2045.0	
2045.2	
2045.4	
2045.6	
2045.8	
2046.0	
2046.2	
2046.4	
2046.6	
2046.8	
2047.0	
2047.2	
2047.4	
2047.6	
2047.8	
2048.0	
2048.2	
2048.4	
2048.6	
2048.8	
2049.0	
2049.2	
2049.4	
2049.6	
2049.8	
2050.0	
2050.2	
2050.4	
2050.6	
2050.8	
2051.0	
2051.2	
2051.4	
2051.6	
2051.8	
2052.0	
2052.2	
2052.4	
2052.6	
2052.8	
2053.0	
2053.2	
2053.4	
2053.6	
2053.8	
2054.0	
2054.2	
2054.4	
2054.6	
2054.8	
2055.0	
2055.2	
2055.4	
2055.6	
2055.8	
2056.0	
2056.2	
2056.4	
2056.6	
2056.8	
2057.0	
2057.2	
2057.4	
2057.6	
2057.8	
2058.0	
2058.2	
2058.4	
2058.6	
2058.8	
2059.0	
2059.2	
2059.4	
2059.6	
2059.8	
2060.0	
2060.2	
2060.4	
2060.6	
2060.8	
2061.0	
2061.2	
2061.4	
2061.6	
2061.8	
2062.0	
2062.2	
2062.4	
2062.6	
2062.8	
2063.0	
2063.2	
2063.4	
2063.6	
2063.8	
2064.0	
2064.2	
2064.4	
2064.6	
2064.8	
2065.0	
2065.2	
2065.4	
2065.6	
2065.8	
2066.0	
2066.2	
2066.4	
2066.6	
2066.8	
2067.0	
2067.2	
2067.4	
2067.6	
2067.8	
2068.0	
2068.2	
2068.4	
2068.6	
2068.8	
2069.0	
2069.2	
2069.4	
2069.6	
2069.8	
2070.0	
2070.2	
2070.4	
2070.6	
2070.8	
2071.0	
2071.2	
2071.4	
2071.6	
2071.8	
2072.0	
2072.2	
2072.4	
2072.6	
2072.8	
2073.0	
2073.2	
2073.4	
2073.6	
2073.8	
2074.0	
2074.2	
2074.4	
2074.6	
2074.8	
2075.0	
2075.2	
2075.4	
2075.6	
2075.8	
2076.0	
2076.2	
2076.4	
2076.6	
2076.8	
2077.0	
2077.2	
2077.4	
2077.6	
2077.8	
2078.0	
2078.2	
2078.4	
2078.6	
2078.8	
2079.0	
2079.2	
2079.4	
2079.6	
2079.8	
2080.0	
2080.2	
2080.4	
2080.6	
2080.8	
2081.0	
2081.2	
2081.4	
2081.6	
2081.8	
2082.0	
2082.2	
2082.4	
2082.6	
2082.8	
2083.0	
2083.2	
2083.4	
2083.6	
2083.8	
2084.0	
2084.2	
2084.4	
2084.6	
2084.8	
2085.0	
2085.2	
2085.4	
2085.6	
2085.8	
2086.0	
2086.2	
2086.4	
2086.6	
2086.8	
2087.0	
2087.2	
2087.4	
2087.6	
2087.8	
2088.0	
2088.2	
2088.4	
2088.6	
2088.8	
2089.0	
2089.2	
2089.4	
2089.6	
2089.8	
2090.0	
2090.2	
2090.4	
2090.6	
2090.8	
2091.0	
2091.2	
2091.4	
2091.6	
2091.8	
2092.0	
2092.2	
2092.4	
2092.6	
2092.8	
2093.0	
2093.2	
2093.4	
2093.6	
2093.8	
2094.0	
2094.2	
2094.4	
2094.6	
2094.8	
2095.0	
2095.2	
2095.4	
2095.6	
2095.8	
2096.0	
2096.2	
2096.4	
2096.6	
2096.8	
2097.0	
2097.2	
2097.4	
2097.6	
2097.8	
2098.0	
2098.2	
2098.4	
2098.6	
2098.8	
2099.0	
2099.2	
2099.4	
2099.6	
2099.8	
2100.0	
2100.2	
2100.4	
2100.6	
2100.8	
2101.0	
2101.2	
2101.4	
2101.6	
2101.8	
2102.0	
2102.2	
2102.4	
2102.6	
2102.8	
2103.0	
2103.2	
2103.4	
2103.6	
2103.8	
2104.0	
2104.2	
2104.4	
2104.6	
2104.8	
2105.0	
2105.2	
2105.4	
2105.6	
2105.8	
2106.0	
2106.2	
2106.4	
2106.6	
2106.8	
2107.0	
2107.2	
2107.4	
2107.6	
2107.8	
2108.0	
2108.2	
2108.4	
2108.6	
2108.8	
2109.0	
2109.2	
2109.4	
2109.6	
2109.8	
2110.0	
2110.2	
2110.4	
2110.6	
2110.8	
2111.0	
2111.2	
2111.4	
2111.6	
2111.8	
2112.0	
2112.2	
2112.4	
2112.6	
2112.8	
2113.0	
2113.2	
2113.4	
2113.6	
2113.8	
2114.0	
2114.2	
2114.4	
2114.6	
2114.8	
2115.0	
2115.2	
2115.4	
2115.6	
2115.8	
2116.0	
2116.2	
2116.4	
2116.6	
2116.8	
2117.0	
2117.2	
2117.4	
2117.6	
2117.8	
2118.0	
2118.2	
2118.4	
2118.6	
2118.8	
2119.0	
2119.2	
2119.4	
2119.6	
2119.8	
2120.0	
2120.2	
2120.4	
2120.6	
2120.8	
2121.0	
2121.2	
2121.4	
2121.6	
2121.8	
2122.0	
2122.2	
2122.4	
2122.6	
2122.8	
2123.0	
2123.2	
2123.4	
2123.6	
2123.8	
2124.0	
2124.2	
2124.4	
2124.6	
2124.8	
2125.0	
2125.2	
2125.4	
2125.6	
2125.8	
2126.0	
2126.2	
2126.4	
2126.6	
2126.8	
2127.0	
2127.2	
2127.4	
2127.6	
2127.8	
2128.0	
2128.2	
2128.4	
2128.6	
2128.8	
2129.0	
2129.2	
2129.4	
2129.6	
2129.8	
2130.0	
2130.2	
2130.4	
2130.6	
2130.8	
2131.0	
2131.2	
2131.4	
2131.6	
2131.8	
2132.0	
2132.2	
2132.4	
2132.6	
2132.8	
2133.0	
2133.2	
2133.4	
2133.6	
2133.8	
2134.0	
2134.2	
2134.4	
2134.6	
2134.8	
2135.0	
2135.2	
2135.4	
2135.6	
2135.8	
2136.0	
2136.2	
2136.4	
2136.6	
2136.8	
2137.0	
2137.2	
2137.4	
2137.6	
2137.8	
2138.0	
2138.2	
2138.4	
2138.6	
2138.8	
2139.0	
2139.2	
2139.4	
2139.6	
2139.8	
2140.0	
2140.2	
2140.4	
2140.6	
2140.8	
2141.0	
2141.2	
2141.4	
2141.6	
2141.8	
2142.0	
2142.2	
2142.4	
2142.6	
2142.8	
2143.0	
2143.2	
2143.4	
2143.6	
2143.8	
2144.0	
2144.2	
2144.4	
2144.6	
2144.8	
2145.0	
2145.2	
2145.4	
2145.6	
2145.8	
2146.0	
2146.2	
2146.4	
2146.6	
2146.8	
2147.0	
2147.2	
2147.4	
2147.6	
2147.8	
2148.0	
2148.2	
2148.4	
2148.6	
2148.8	
2149.0	
2149.2	
2149.4	
2149.6	
2149.8	
2150.0	
2150.2	
2150.4	
2150.6	
2150.8	
2151.0	
2151.2	
2151.4	
2151.6	
2151.8	
2152.0	
2152.2	
2152.4	
2152.6	
2152.8	
2153.0	
2153.2	
2153.4	
2153.6	
2153.8	
2154.0	
2154.2	
2154.4	
2154.6	
2154.8	
2155.0	
2155.2	
2155.4	
2155.6	
2155.8	
2156.0	
2156.2	
2156.4	
2156.6	
2156.8	
2157.0	
2157.2	
2157.4	
2157.6	
2157.8	
2158.0	
2158.2	
2158.4	
2158.6	
2158.8	
2159.0	
2159.2	
2159.4	
2159.6	
2159.8	
2160.0	
2160.2	
2160.4	
2160.6	
2160.8	
2161.0	
2161.2	
2161.4	
2161.6	
2161.8	
2162.0	
2162.2	
2162.4	
2162.6	
2162.8	
2163.0	
2163.2	
2163.4	
2163.6	
2163.8	
2164.0	
2164.2	
2164.4	
2164.6	
2164.8	
2165.0	
2165.2	
2165.4	
2165.6	
2165.8	
2166.0	
2166.2	
2166.4	
2166.6	
2166.8	
2167.0	
2167.2	
2167.4	
2167.6	
2167.8	
2168.0	
2168.2	
2168.4	
2168.6	
2168.8	
2169.0	
2169.2	
2169.4	
2169.6	
2169.8	
2170.0	
2170.2	
2170.4	
2170.6	
2170.8	
2171.0	
2171.2	
2171.4	
2171.6	
2171.8	
2172.0	
2172.2	
2172.4	
2172.6	
2172.8	
2173.0	
2173.2	
2173.4	
2173.6	
2173.8	
2174.0	
2174.2	
2174.4	
2174.6	
2174.8	
2175.0	
2175.2	
2175.4	
2175.6	
2175.8	
2176.0	
2176.2	
2176.4	
2176.6	
2176.8	
2177.0	
2177.2	
2177.4	
2177.6	
2177.8	
2178.0	
2178.2	
2178.4	
2178.6	
2178.8	
2179.0	
2179.2	
2179.4	
2179.6	
2179.8	
2180.0	
2180.2	
2180.4	
2180.6	
2180.8	
2181.0	
2181.2	
2181.4	
2181.6	
2181.8	
2182.0	
2182.2	
2182.4	
2182.6	
2182.8	
2183.0	
2183.2	
2183.4	
2183.6	
2183.8	
2184.0	
2184.2	
2184.4	
2184.6	
2184.8	
2185.0	
2185.2	
2185.4	
2185.6	
2185.8	
2186.0	
2186.2	
2186.4	
2186.6	
2186.8	
2187.0	
2187.2	
2187.4	
2187.6	
2187.8	
2188.0	
2188.2	
2188.4	
2188.6	
2188.8	
2189.0	
2189.2	
2189.4	
2189.6	
2189.8	
2190.0	
2190.2	
2190.4	
2190.6	
2190.8	
2191.0	
2191.2	
2191.4	
2191.6	
2191.8	
2192.0	
2192.2	
2192.4	
2192.6	
2192.8	
2193.0	
2193.2	
2193.4	
2193.6	
2193.8	
2194.0	
2194.2	
2194.4	
2194.6	
2194.8	
2195.0	
2195.2	
2195.4	
2195.6	
2195.8	
2196.0	
2196.2	
2196.4	
2196.6	
2196.8	
2197.0	
2197.2	
2197.4	
2197.6	
2197.8	
2198.0	
2198.2	
2198.4	
2198.6	
2198.8	
2199.0	
2199.2	
2199.4	
2199.6	
2199.8	
2200.0	
2200.2	
2200.4	
2200.6	
2200.8	
2201.0	
2201.2	
2201.4	
2201.6	
2201.8	
2202.0	
2202.2	
2202.4	
2202.6	
2202.8	
2203.0	
2203.2	
2203.4	
2203.6	
2203.8	
2204.0	
2204.2	
2204.4	
2204.6	
2204.8	
2205.0	
2205.2	
2205.4	
2205.6	
2205.8	
2206.0	
2206.2	
2206.4	
2206.6	
2206.8	
2207.0	
2207.2	
2207.4	
2207.6	
2207.8	
2208.0	
2208.2	
2208.4	
2208.6	
2208.8	
2209.0	
2209.2	
2209.4	
2209.6	
2209.8	
2210.0	
2210.2	
2210.4	
2210.6	
2210.8	
2211.0	
2211.2	
2211.4	
2211.6	
2211.8	
2212.0	
2212.2	
2212.4	
2212.6	
2212.8	
2213.0	
2213.2	
2213.4	
2213.6	
2213.8	
2214.0	
2214.2	
2214.4	
2214.6	
2214.8	
2215.0	
2215.2	
2215.4	
2215.6	
2215.8	
2216.0	
2216.2	
2216.4	
2216.6	
2216.8	
2217.0	
2217.2	
2217.4	
2217.6	
2217.8	
2218.0	
2218.2	
2218.4	
2218.6	
2218.8	
2219.0	
2219.2	
2219.4	
2219.6	
2219.8	
2220.0	
2220.2	
2220.4	
2220.6	
2220.8	
2221.0	
2221.2	
2221.4	
2221.6	
2221.8	
2222.0	
2222.2	
2222.4	
2222.6	
2222.8	
2223.0	
2223.2	
2223.4	
2223.6	
2223.8	
2224.0	
2224.2	
2224.4	
2224.6	
2224.8	
2225.0	
2225.2	
2225.4	
2225.6	
2225.8	
2226.0	
2226.2	
2226.4	
2226.6	
2226.8	
2227.0	
2227.2	
2227.4	
2227.6	
2227.8	
2228.0	
2228.2	
2228.4	
2228.6	
2228.8	
2229.0	
2229.2	
2229.4	
2229.6	
2229.8	
2230.0	
2230.2	
2230.4	
2230.6	
2230.8	
2231.0	
2231.2	
2231.4	
2231.6	
2231.8	
2232.0	
2232.2	
2232.4	
2232.6	
2232.8	
2233.0	
2233.2	
2233.4	
2233.6	
2233.8	
2234.0	
2234.2	
2234.4	
2234.6	
2234.8	
2235.0	
2235.2	
2235.4	
2235.6	
2235.8	
2236.0	
2236.2	
2236.4	
2236.6	
2236.8	
2237.0	
2237.2	
2237.4	
2237.6	
2237.8	
2238.0	
2238.2	
2238.4	
2238.6	
2238.8	
2239.0	
2239.2	
2239.4	
2239.6	
2239.8	
2240.0	
2240.2	
2240.4	
2240.6	
2240.8	
2241.0	
2241.2	
2241.4	
2241.6	
2241.8	
2242.0	
2242.2	
2242.4	
2242.6	
2242.8	
2243.0	
2243.2	
2243.4	
2243.6	
2243.8	
2244.0	
2244.2	
2244.4	
2244.6	
2244.8	
2245.0	
2245.2	
2245.4	
2245.6	
2245.8	
2246.0	
2246.2	
2246.4	
2246.6	
2246.8	
2247.0	
2247.2	
2247.4	
2247.6	
2247.8	
2248.0	
2248.2	
2248.4	
2248.6	
2248.8	
2249.0	
2249.2	
2249.4	
2249.6	
2249.8	
2250.0	
2250.2	
2250.4	
2250.6	
2250.8	
2251.0	
2251.2	
2251.4	
2251.6	
2251.8	
2252.0	
2252.2	
2252.4	
2252.6	
2252.8	
2253.0	
2253.2	
2253.4	
2253.6	
2253.8	
2254.0	
2254.2	
2254.4	
2254.6	
2254.8	
2255.0	
2255.2	
2255.4	
2255.6	
2255.8	
2256.0	
2256.2	
2256.4	
2256.6	
2256.8	
2257.0	
2257.2	
2257.4	
2257.6	
2257.8	
2258.0	
2258.2	
2258.4	
2258.6	
2258.8	
2259.0	
2259.2	
2259.4	
2259.6	
2259.8	
2260.0	
2260.2	
2260.4	
2260.6	
2260.8	
2261.0	
2261.2	
2261.4	
2261.6	
2261.8	
2262.0	
2262.2	
2262.4	
2262.6	
2262.8	
2263.0	
2263.2	
2263.4	
2263.6	
2263.8	
2264.0	
2264.2	
2264.4	
2264.6	
2264.8	
2265.0	
2265.2	
2265.4	
2265.6	
2265.8	
2266.0	
2266.2	
2266.4	
2266.6	
2266.8	
2267.0	
2267.2	
2267.4	
2267.6	
2267.8	
2268.0	
2268.2	
2268.4	
2268.6	
2268.8	
2269.0	
2269.2	
2269.4	
2269.6	
2269.8	
2270.0	
2270.2	
2270.4	
2270.6	
2270.8	
2271.0	
2271.2	
2271.4	
2271.6	
2271.8	
2272.0	
2272.2	
2272.4	
2272.6	
2272.8	
2273.0	
2273.2	
2273.4	
2273.6	
2273.8	
2274.0	
2274.2	
2274.4	
2274.6	
2274.8	
2275.0	
2275.2	
2275.4	
2275.6	
2275.8	
2276.0	
2276.2	
2276.4	
2276.6	
2276.8	
2277.0	
2277.2	
2277.4	
2277.6	
2277.8	
2278.0	
2278.2	
2278.4	
2278.6	
2278.8	
2279.0	
2279.2	
2279.4	
2279.6	
2279.8	
2280.0	
2280.2	
2280.4	
2280.6	
2280.8	
2281.0	
2281.2	
2281.4	
2281.6	
2281.8	
2282.0	
2282.2	
2282.4	
2282.6	
2282.8	
2283.0	
2283.2	
2283.4	
2283.6	
2283.8	
2284.0	
2284.2	
2284.4	
2284.6	
2284.8	
2285.0	
2285.2	
2285.4	
2285.6	
2285.8	
2286.0	
2286.2	
2286.4	
2286.6	
2286.8	
2287.0	
2287.2	
2287.4	
2287.6	
2287.8	
2288.0	
2288.2	
2288.4	
2288.6	
2288.8	
2289.0	
2289.2	
2289.4	
2289.6	
2289.8	
2290.0	
2290.2	
2290.4	
2290.6	
2290.8	
2291.0	
2291.2	
2291.4	
2291.6	
2291.8	
2292.0	
2292.2	
2292.4	
2292.6	
2292.8	
2293.0	
2293.2	
2293.4	
2293.6	
2293.8	
2294.0	
2294.2	
2294.4	
2294.6	
2294.8	
2295.0	
2295.2	
2295.4	
2295.6	
2295.8	
2296.0	
2296.2	
2296.4	
2296.6	
2296.8	
2297.0	
2297.2	
2297.4	
2297.6	
2297.8	
2298.0	
2298.2	
2298.4	
2298.6	
2298.8	
2299.0	
2299.2	
2299.4	
2299.6	
2299.8	
2300.0	
2300.2	
2300.4	
2300.6	
2300.8	
2301.0	
2301.2	
2301.4	
2301.6	
2301.8	
2302.0	
2302.2	
2302.4	
2302.6	
2302.8	
2303.0	
2303.2	
2303.4	
2303.6	
2303.8	
2304.0	
2304.2	
2304.4	
2304.6	
2304.8	
2305.0	
2305.2	
2305.4	
2305.6	
2305.8	
2306.0	
2306.2	
2306.4	
2306.6	
2306.8	
2307.0	
2307.2	
2307.4	
2307.6	
2307.8	
2308.0	
2308.2	
2308.4	
2308.6	
2308.8	
2309.0	
2309.2	
2309.4	
2309.6	
2309.8	
2310.0	
2310.2	
2310.4	
2310.6	
2310.8	
2311.0	
2311.2	
2311.4	
2311.6	
2311.8	
2312.0	
2312.2	
2312.4	
2312.6	
2312.8	
2313.0	
2313.2	
2313.4	
2313.6	
2313.8	
2314.0	
2314.2	
2314.4	
2314.6	
2314.8	
2315.0	
2315.2	
2315.4	
2315.6	
2315.8	
2316.0	
2316.2	
2316.4	
2316.6	
2316.8	
2317.0	
2317.2	
2317.4	
2317.6	
2317.8	
2318.0	
2318.2	
2318.4	
2318.6	
2318.8	
2319.0	
2319.2	
2319.4	
2319.6	
2319.8	
2320.0	
2320.2	
2320.4	
2320.6	
2320.8	
2321.0	
2321.2	
2321.4	
2321.6	
2321.8	
2322.0	
2322.2	
2322.4	
2322.6	
2322.8	
2323.0	
2323.2	
2323.4	
2323.6	
2323.8	
2324.0	
2324.2	
2324.4	
2324.6	
2324.8	
2325.0	
2325.2	
2325.4	
2325.6	
2325.8	
2326.0	
2326.2	
2326.4	
2326.6	
2326.8	
2327.0	
2327.2	
2327.4	
2327.6	
2327.8	
2328.0	
2328.2	
2328.4	
2328.6	
2328.8	
2329.0	
2329.2	
2329.4	
2329.6	
2329.8	
2330.0	
2330.2	
2330.4	
2330.6	
2330.8	
2331.0	
2331.2	
2331.4	
2331.6	
2331.8	
2332.0	
2332.2	
2332.4	
2332.6	
2332.8	
2333.0	
2333.2	
2333.4	
2333.6	
2333.8	
2334.0	
2334.2	
2334.4	
2334.6	
2334.8	
2335.0	
2335.2	
2335.4	
2335.6	
2335.8	
2336.0	
2336.2	
2336.4	
2336.6	
2336.8	
2337.0	
2337.2	
2337.4	
2337.6	
2337.8	
2338.0	
2338.2	
2338.4	
2338.6	
2338.8	
2339.0	
2339.2	
2339.4	
2339.6	
2339.8	
2340.0	
2340.2	
2340.4	
2340.6	
2340.8	
2341.0	
2341.2	
2341.4	
2341.6	
2341.8	
2342.0	
2342.2	
2342.4	
2342.6	
2342.8	
2343.0	
2343.2	
2343.4	
2343.6	
2343.8	
2344.0	
2344.2	
2344.4	
2344.6	
2344.8	
2345.0	
2345.2	
2345.4	
2345.6	
2345.8	
2346.0	
2346.2	
2346.4	
2346.6	
2346.8	
2347.0	
2347.2	
2347.4	
2347.6	
2347.8	
2348.0	
2348.2	
2348.4	
2348.6	
2348.8	
2349.0	
2349.2	
2349.4	
2349.6	
2349.8	
2350.0	
2350.2	
2350.4	
2350.6	
2350.8	
2351.0	
2351.2	
2351.4	
2351.6	
2351.8	
2352.0	
2352.2	
2352.4	
2352.6	
2352.8	
2353.0	
2353.2	
2353.4	
2353.6	
2353.8	
2354.0	
2354.2	
2354.4	
2354.6	
2354.8	
2355.0	
2355.2	
2355.4	
2355.6	
2355.8	
2356.0	
2356.2	
2356.4	
2356.6	
2356.8	
2357.0	
2357.2	
2357.4	
2357.6	
2357.8	
2358.0	
2358.2	
2358.4	
2358.6	
2358.8	
2359.0	
2359.2	
2359.4	
2359.6	
2359.8	
2360.0	
2360.2	
2360.4	
2360.6	
2360.8	
2361.0	
2361.2	
2361.4	
2361.6	
2361.8	
2362.0	
2362.2	
2362.4	
2362.6	
2362.8	
2363.0	
2363.2	
2363.4	
2363.6	
2363.8	
2364.0	
2364.2	
2364.4	
2364.6	
2364.8	
2365.0	
2365.2	
2365.4	
2365.6	
2365.8	
2366.0	
2366.2	
2366.4	
2366.6	
2366.8	
2367.0	
2367.2	
2367.4	
2367.6	
2367.8	
2368.0	
2368.2	
2368.4	
2368.6	
2368.8	
2369.0	
2369.2	
2369.4	
2369.6	
2369.8	
2370.0	
2370.2	
2370.4	
2370.6	
2370.8	
2371.0	
2371.2	
2371.4	
2371.6	
2371.8	
2372.0	
2372.2	
2372.4	
2372.6	
2372.8	
2373.0	
2373.2	
2373.4	
2373.6	
2373.8	
2374.0	
2374.2	
2374.4	
2374.6	
2374.8	
2375.0	
2375.2	
2375.4	
2375.6	
2375.8	
2376.0	
2376.2	
2376.4	
2376.6	
2376.8	
2377.0	
2377.2	
2377.4	
2377.6	
2377.8	
2378.0	
2378.2	
2378.4	
2378.6	
2378.8	
2379.0	
2379.2	
2379.4	
2379.6	
2379.8	
2380.0	
2380.2	
2380.4	
2380.6	
2380.8	
2381.0	
2381.2	
2381.4	
2381.6	
2381.8	
2382.0	
2382.2	
2382.4	
2382.6	
2382.8	
2383.0	
2383.2	
2383.4	
2383.6	
2383.8	
2384.0	
2384.2	
2384.4	
2384.6	
2384.8	
2385.0	
2385.2	
2385.4	
2385.6	
2385.8	
2386.0	
2386.2	
2386.4	
2386.6	
2386.8	
2387.0	
2387.2	
2387.4	
2387.6	
2387.8	
2388.0	
2388.2	
2388.4	
2388.6	
2388.8	
2389.0	
2389.2	
2389.4	
2389.6	
2389.8	
2390.0	
2390.2	
2390.4	
2390.6	
2390.8	
2391.0	
2391.2	
2391.4	
2391.6	
2391.8	
2392.0	
2392.2	
2392.4	
2392.6	
2392.8	
2393.0	
2393.2	
2393.4	
2393.6	
2393.8	
2394.0	
2394.2	
2394.4	
2394.6	
2394.8	
2395.0	
2395.2	
2395.4	
2395.6	
2395.8	
2396.0	
2396.2	
2396.4	
2396.6	
2396.8	
2397.0	
2397.2	
2397.4	
2397.6	
2397.8	
2398.0	
2398.2	
2398.4	
2398.6	
2398.8	
2399.0	
2399.2	
2399.4	
2399.6	
2399.8	
2400.0	
2400.2	
2400.4	
2400.6	
2400.8	
2401.0	
2401.2	
2401.4	
2401.6	
2401.8	
2402.0	
2402.2	
2402.4	
2402.6	
2402.8	
2403.0	
2403.2	
2403.4	
2403.6	
2403.8	
2404.0	
2404.2	
2404.4	
2404.6	
2404.8	
2405.0	
2405.2	
2405.4	
2405.6	
2405.8	
2406.0	
2406.2	
2406.4	
2406.6	
2406.8	
2407.0	
2407.2	
2407.4	
2407.6	
2407.8	
2408.0	
2408.2	
2408.4	
2408.6	
2408.8	
2409.0	
2409.2	
2409.4	
2409.6	
2409.8	
2410.0	
2410.2	
2410.4	
2410.6	
2410.8	
2411.0	
2411.2	
2411.4	
2411.6	
2411.8	
2412.0	
2412.2	
2412.4	
2412.6	
2412.8	
2413.0	
2413.2	
2413.4	
2413.6	
2413.8	
2414.0	
2414.2	
2414.4	
2414.6	
2414.8	
2415.0	
2415.2	
2415.4	
2415.6	
2415.8	
2416.0	
2416.2	
2416.4	
2416.6	
2416.8	
2417.0	
2417.2	
2417.4	
2417.6	
2417.8	
2418.0	
2418.2	
2418.4	
2418.6	
2418.8	
2419.0	
2419.2	
2419.4	
2419.6	
2419.8	
2420.0	
2420.2	
2420.4	
2420.6	
2420.8	
2421.0	
2421.2	
2421.4	
2421.6	
2421.8	
2422.0	
2422.2	
2422.4	
2422.6	
2422.8	
2423.0	
2423.2	
2423.4	
2423.6	
2423.8	
2424.0	
2424.2	
2424.4	
2424.6	
2424.8	
2425.0	
2425.2	
2425.4	
2425.6	
2425.8	
2426.0	
2426.2	
2426.4	
2426.6	
2426.8	
2427.0	
2427.2	
2427.4	
2427.6	
2427.8	
2428.0	
2428.2	
2428.4	
2428.6	
2428.8	
2429.0	
2429.2	
2429.4	
2429.6	
2429.8	
2430.0	
2430.2	
2430.4	
2430.6	
2430.8	
2431.0	
2431.2	
2431.4	
2431.6	
2431.8	
2432.0	
2432.2	
2432.4	
2432.6	
2432.8	
2433.0	
2433.2	
2433.4	
2433.6	
2433.8	
2434.0	
2434.2	
2434.4	
2434.6	
2434.8	
2435.0	
2435.2	
2435.4	
2435.6	
2435.8	
2436.0	
2436.2	
2436.4	
2436.6	
2436.8	
2437.0	
2437.2	
2437.4	
2437.6	
2437.8	
2438.0	
2438.2	
2438.4	
2438.6	
2438.8	
2439.0	
2439.2	
2439.4	
2439.6	
2439.8	
2440.0	
2440.2	
2440.4	
2440.6	
2440.8	
2441.0	
2441.2	
2441.4	
2441.6	
2441.8	
2442.0	
2442.2	
2442.4	
2442.6	
2442.8	
2443.0	
2443.2	
2443.4	
2443.6	
2443.8	
2444.0	
2444.2	
2444.4	
2444.6	
2444.8	
2445.0	
2445.2	
2445.4	
2445.6	
2445.8	
2446.0	
2446.2	
2446.4	
2446.6	
2446.8	
2447.0	
2447.2	
2447.4	
2447.6	
2447.8	
2448.0	
2448.2	
2448.4	
2448.6	
2448.8	
2449.0	
2449.2	
2449.4	
2449.6	
2449.8	
2450.0	
2450.2	
2450.4	
2450.6	
2450.8	
2451.0	
2451.2	
2451.4	
2451.6	
2451.8	
2452.0	
2452.2	
2452.4	
2452.6	
2452.8	
2453.0	
2453.2	
2453.4	
2453.6	
2453.8	
2454.0	
2454.2	
2454.4	
2454.6	
2454.8	
2455.0	
2455.2	
2455.4	
2455.6	
2455.8	
2456.0	
2456.2	
2456.4	
2456.6	
2456.8	
2457.0	
2457.2	
2457.4	
2457.6	
2457.8	
2458.0	
2458.2	
2458.4	
2458.6	
2458.8	
2459.0	
2459.2	
2459.4	
2459.6	
2459.8	
2460.0	
2460.2	
2460.4	
2460.6	
2460.8	
2461.0	
2461.2	
2461.4	
2461.6	
2461.8	
2462.0	
2462.2	
2462.4	
2462.6	
2462.8	
2463.0	
2463.2	
2463.4	
2463.6	
2463.8	
2464.0	
2464.2	
2464.4	
2464.6	
2464.8	
2465.0	
2465.2	
2465.4	
2465.6	
2465.8	
2466.0	
2466.2	
2466.4	
2466.6	
2466.8	
2467.0	
2467.2	
2467.4	
2467.6	
2467.8	
2468.0	
2468.2	
2468.4	
2468.6	
2468.8	
2469.0	
2469.2	
2469.4	
2469.6	
2469.8	
2470.0	
2470.2	
2470.4	
2470.6	
2470.8	
2471.0	
2471.2	
2471.4	
2471.6	
2471.8	
2472.0	
2472.2	
2472.4	
2472.6	
2472.8	
2473.0	
2473.2	
2473.4	
2473.6	
2473.8	
2474.0	
2474.2	
2474.4	
2474.6	
2474.8	
2475.0	
2475.2	
2475.4	
2475.6	
2475.8	
2476.0	
2476.2	
2476.4	
2476.6	
2476.8	
2477.0	
2477.2	
2477.4	
2477.6	
2477.8	
2478.0	
2478.2	
2478.4	
2478.6	
2478.8	
2479.0	
2479.2	
2479.4	
2479.6	
2479.8	
2480.0	
2480.2	
2480.4	
2480.6	
2480.8	
2481.0	
2481.2	
2481.4	
2481.6	
2481.8	
2482.0	
2482.2	
2482.4	
2482.6	
2482.8	
2483.0	
2483.2	
2483.4	
2483.6	
2483.8	
2484.0	
2484.2	
2484.4	
2484.6	
2484.8	
2485.0	
2485.2	
2485.4	
2485.6	
2485.8	
2486.0	
2486.2	
2486.4	
2486.6	
2486.8	
2487.0	
2487.2	
2487.4	
2487.6	
2487.8	
2488.0	
2488.2	
2488.4	
2488.6	
2488.8	
2489.0	
2489.2	
2489.4	
2489.6	
2489.8	
2490.0	
2490.2	
2490.4	
2490.6	
2490.8	
2491.0	
2491.2	
2491.4	
2491.6	
2491.8	
2492.0	
2492.2	
2492.4	
2492.6	
2492.8	
2493.0	
2493.2	
2493.4	
2493.6	
2493.8	
2494.0	
2494.2	
2494.4	
2494.6	
2494.8	
2495.0	
2495.2	
2495.4	
2495.6	
2495.8	
2496.0	
2496.2	
2496.4	
2496.6	
2496.8	
2497.0	
2497.2	
2497.4	
2497.6	
2497.8	
2498.0	
2498.2	
2498.4	
2498.6	
2498.8	
2499.0	
2499.2	
2499.4	
2499.6	
2499.8	
2500.0	
2500.2	2.604845
2500.4	2.562947
2500.6	2.492398
2500.8	2.4208119999999997
2501.0	2.3262210000000003
2501.2	2.1797899999999997
2501.4	2.146057
2501.6	2.1421959999999998
2501.8	2.163711
2502.0	2.21593
2502.2	2.2953569999999996
2502.4	2.406328
2502.6	2.455704
2502.8	2.4491810000000003
2503.0	2.395975
2503.2	2.299396
2503.4	2.2230179999999997
2503.6	2.1424809999999996
2503.8	2.117262
2504.0	2.130979
2504.2	2.128967
2504.4	2.109912
2504.6	2.158371
2504.8	2.2204379999999997
2505.0	2.246263
2505.2	2.275604
2505.4	2.285281
2505.6	2.2781599999999997
2505.8	2.239211
2506.0	2.243636
2506.2	2.263045
2506.4	2.309135
2506.6	2.3542460000000003
2506.8	2.37512
2507.0	2.378785
2507.2	2.386298
2507.4	2.4097210000000002
2507.6	2.417943
2507.8	2.423362
2508.0	2.426582
2508.2	2.43137
2508.4	2.448004
2508.6	2.450222
2508.8	2.4638970000000002
2509.0	2.5247509999999997
2509.2	2.5673660000000003
2509.4	2.588626
2509.6	2.5636859999999997
2509.8	2.5450760000000003
2510.0	2.528896
2510.2	2.507339
2510.4	2.4807859999999997
2510.6	2.458112
2510.8	2.436725
2511.0	2.418403
2511.2	2.37331
2511.4	2.3237750000000004
2511.6	2.2738720000000003
2511.8	2.240673
2512.0	2.2354000000000003
2512.2	2.228758
2512.4	2.235291
2512.6	2.258409
2512.8	2.253021
2513.0	2.210432
2513.2	2.201911
2513.4	2.20529
2513.6	2.2096829999999996
2513.8	2.207613
2514.0	2.22085
2514.2	2.204166
2514.4	2.192075
2514.6	2.183784
2514.8	2.181688
2515.0	2.162106
2515.2	2.1465829999999997
2515.4	2.140769
2515.6	2.112288
2515.8	2.086798
2516.0	2.101703
2516.2	2.106599
2516.4	2.10611
2516.6	2.093965
2516.8	2.134872
2517.0	2.151028
2517.2	2.163308
2517.4	2.113943
2517.6	2.130813
2517.8	2.1576999999999997
2518.0	2.116631
2518.2	2.1024030000000002
2518.4	2.132183
2518.6	2.1221039999999998
2518.8	2.1285700000000003
2519.0	2.115708
2519.2	2.1358240000000004
2519.4	2.147045
2519.6	2.1661319999999997
2519.8	2.158291
2520.0	2.186753
2520.2	2.180511
2520.4	2.196123
2520.6	2.201162
2520.8	2.205033
2521.0	2.171919
2521.2	2.157905
2521.4	2.197008
2521.6	2.248462
2521.8	2.29882
2522.0	2.378726
2522.2	2.396102
2522.4	2.465145
2522.6	2.525286
2522.8	2.5786089999999997
2523.0	2.60209
2523.2	2.578549
2523.4	2.53355
2523.6	2.4743749999999998
2523.8	2.467783
2524.0	2.5451840000000003
2524.2	2.623442
2524.4	2.63259
2524.6	2.608457
2524.8	2.603789
2525.0	2.618137
2525.2	2.618656
2525.4	2.564076
2525.6	2.457381
2525.8	2.316736
2526.0	2.184587
2526.2	2.20239
2526.4	2.2702400000000003
2526.6	2.2774680000000003
2526.8	2.190363
2527.0	2.1014369999999998
2527.2	2.09855
2527.4	2.226372
2527.6	2.3665089999999998
2527.8	2.464468
2528.0	2.4964999999999997
2528.2	2.469793
2528.4	2.388995
2528.6	2.357283
2528.8	2.3729560000000003
2529.0	2.340888
2529.2	2.309286
2529.4	2.297412
2529.6	2.283683
2529.8	2.304344
2530.0	2.3212800000000002
2530.2	2.3396760000000003
2530.4	2.351381
2530.6	2.334503
2530.8	2.249933
2531.0	2.18717
2531.2	2.169041
2531.4	2.162534
2531.6	2.1795459999999998
2531.8	2.203734
2532.0	2.2598619999999996
2532.2	2.327846
2532.4	2.361556
2532.6	2.3528119999999997
2532.8	2.33118
2533.0	2.333152
2533.2	2.288045
2533.4	2.2843639999999996
2533.6	2.286722
2533.8	2.292364
2534.0	2.268782
2534.2	2.232064
2534.4	2.22693
2534.6	2.252132
2534.8	2.281105
2535.0	2.331324
2535.2	2.381058
2535.4	2.4178010000000003
2535.6	2.377907
2535.8	2.285723
2536.0	2.2505919999999997
2536.2	2.220763
2536.4	2.2136590000000003
2536.6	2.21362
2536.8	2.219302
2537.0	2.207084
2537.2	2.2209209999999997
2537.4	2.2214430000000003
2537.6	2.261175
2537.8	2.271849
2538.0	2.276006
2538.2	2.277258
2538.4	2.271999
2538.6	2.281279
2538.8	2.267347
2539.0	2.296011
2539.2	2.343912
2539.4	2.334818
2539.6	2.282787
2539.8	2.269749
2540.0	2.252772
2540.2	2.21566
2540.4	2.2175689999999997
2540.6	2.196031
2540.8	2.186768
2541.0	2.23043
2541.2	2.241918
2541.4	2.2255969999999996
2541.6	2.2463560000000005
2541.8	2.229909
2542.0	2.2624720000000003
2542.2	2.283916
2542.4	2.298687
2542.6	2.249233
2542.8	2.237325
2543.0	2.216578
2543.2	2.204812
2543.4	2.201146
2543.6	2.161562
2543.8	2.125654
2544.0	2.062523
2544.2	2.053588
2544.4	2.080683
2544.6	2.14756
2544.8	2.16193
2545.0	2.1806460000000003
2545.2	2.187682
2545.4	2.186051
2545.6	2.188604
2545.8	2.226895
2546.0	2.227051
2546.2	2.2726379999999997
2546.4	2.321517
2546.6	2.32895
2546.8	2.3719930000000002
2547.0	2.402216
2547.2	2.4067149999999997
2547.4	2.386342
2547.6	2.365181
2547.8	2.349538
2548.0	2.302445
2548.2	2.297457
2548.4	2.318686
2548.6	2.291111
2548.8	2.2660810000000002
2549.0	2.25115
2549.2	2.242253
2549.4	2.212579
2549.6	2.159351
2549.8	2.125654
2550.0	2.10474
2550.2	2.119535
2550.4	2.148678
2550.6	2.213255
2550.8	2.281138
2551.0	2.2656069999999997
2551.2	2.19442
2551.4	2.139678
2551.6	2.125751
2551.8	2.089264
2552.0	2.0748200000000003
2552.2	2.0822599999999998
2552.4	2.097284
2552.6	2.116287
2552.8	2.136685
2553.0	2.1747330000000002
2553.2	2.222715
2553.4	2.269768
2553.6	2.281166
2553.8	2.254487
2554.0	2.2519730000000004
2554.2	2.270556
2554.4	2.258609
2554.6	2.252511
2554.8	2.2399620000000002
2555.0	2.203069
2555.2	2.177095
2555.4	2.130134
2555.6	2.1208970000000003
2555.8	2.117011
2556.0	2.1530379999999996
2556.2	2.206764
2556.4	2.297811
2556.6	2.251548
2556.8	2.240564
2557.0	2.261658
2557.2	2.2727559999999998
2557.4	2.2736780000000003
2557.6	2.293301
2557.8	2.293203
2558.0	2.288955
2558.2	2.290212
2558.4	2.3001039999999997
2558.6	2.2938
2558.8	2.2854159999999997
2559.0	2.295305
2559.2	2.304807
2559.4	2.293192
2559.6	2.255332
2559.8	2.2343640000000002
2560.0	2.210392
2560.2	2.1663259999999998
2560.4	2.199118
2560.6	2.254191
2560.8	2.282971
2561.0	2.292488
2561.2	2.3126689999999996
2561.4	2.343174
2561.6	2.359797
2561.8	2.347442
2562.0	2.334748
2562.2	2.3439620000000003
2562.4	2.350062
2562.6	2.331807
2562.8	2.3279900000000002
2563.0	2.335893
2563.2	2.32469
2563.4	2.272998
2563.6	2.2473389999999998
2563.8	2.262242
2564.0	2.242278
2564.2	2.233277
2564.4	2.210309
2564.6	2.2259889999999998
2564.8	2.218488
2565.0	2.219488
2565.2	2.225209
2565.4	2.2346019999999998
2565.6	2.246355
2565.8	2.2741350000000002
2566.0	2.2584600000000004
2566.2	2.188589
2566.4	2.146715
2566.6	2.1162650000000003
2566.8	2.0890940000000002
2567.0	2.104456
2567.2	2.123935
2567.4	2.1126889999999996
2567.6	2.171872
2567.8	2.236499
2568.0	2.2234529999999997
2568.2	2.128806
2568.4	2.122835
2568.6	2.0837429999999997
2568.8	2.1214359999999997
2569.0	2.158877
2569.2	2.208412
2569.4	2.326103
2569.6	2.476123
2569.8	2.6373059999999997
2570.0	2.675555
2570.2	2.6077079999999997
2570.4	2.493739
2570.6	2.392376
2570.8	2.29255
2571.0	2.3032909999999998
2571.2	2.254359
2571.4	2.222216
2571.6	2.255472
2571.8	2.2445150000000003
2572.0	2.2248769999999998
2572.2	2.174509
2572.4	2.219544
2572.6	2.2406829999999998
2572.8	2.26741
2573.0	2.249093
2573.2	2.2541569999999997
2573.4	2.290797
2573.6	2.329228
2573.8	2.313379
2574.0	2.275867
2574.2	2.27563
2574.4	2.267472
2574.6	2.248476
2574.8	2.2362539999999997
2575.0	2.220374
2575.2	2.190574
2575.4	2.158138
2575.6	2.167677
2575.8	2.157258
2576.0	2.172641
2576.2	2.25585
2576.4	2.2854039999999998
2576.6	2.318483
2576.8	2.318762
2577.0	2.283551
2577.2	2.2472179999999997
2577.4	2.2619420000000003
2577.6	2.2622359999999997
2577.8	2.269817
2578.0	2.247707
2578.2	2.2580410000000004
2578.4	2.262184
2578.6	2.218636
2578.8	2.234649
2579.0	2.230231
2579.2	2.2117280000000004
2579.4	2.191468
2579.6	2.178267
2579.8	2.1424999999999996
2580.0	2.112355
2580.2	2.110334
2580.4	2.0943889999999996
2580.6	2.104443
2580.8	2.139066
2581.0	2.162974
2581.2	2.1815170000000004
2581.4	2.1645630000000002
2581.6	2.121813
2581.8	2.1085779999999996
2582.0	2.153693
2582.2	2.190193
2582.4	2.2173179999999997
2582.6	2.214696
2582.8	2.1818020000000002
2583.0	2.168786
2583.2	2.1412649999999998
2583.4	2.1279830000000004
2583.6	2.135614
2583.8	2.161874
2584.0	2.193575
2584.2	2.191197
2584.4	2.193797
2584.6	2.195518
2584.8	2.1958320000000002
2585.0	2.214151
2585.2	2.2128289999999997
2585.4	2.195012
2585.6	2.201834
2585.8	2.18454
2586.0	2.16988
2586.2	2.1740920000000004
2586.4	2.140616
2586.6	2.15721
2586.8	2.173721
2587.0	2.202917
2587.2	2.22107
2587.4	2.198855
2587.6	2.193327
2587.8	2.181059
2588.0	2.179303
2588.2	2.181287
2588.4	2.212316
2588.6	2.2428
2588.8	2.23829
2589.0	2.2136319999999996
2589.2	2.211244
2589.4	2.203487
2589.6	2.191618
2589.8	2.179399
2590.0	2.14099
2590.2	2.1445849999999997
2590.4	2.131824
2590.6	2.11456
2590.8	2.128227
2591.0	2.139363
2591.2	2.123306
2591.4	2.099596
2591.6	2.089053
2591.8	2.058006
2592.0	2.072718
2592.2	2.115886
2592.4	2.108225
2592.6	2.103046
2592.8	2.085214
2593.0	2.061808
2593.2	2.069933
2593.4	2.102042
2593.6	2.1442840000000003
2593.8	2.1608720000000003
2594.0	2.159732
2594.2	2.1662529999999998
2594.4	2.193345
2594.6	2.25283
2594.8	2.309058
2595.0	2.356795
2595.2	2.365255
2595.4	2.366923
2595.6	2.362067
2595.8	2.347099
2596.0	2.308042
2596.2	2.282266
2596.4	2.243778
2596.6	2.197372
2596.8	2.169107
2597.0	2.159915
2597.2	2.212524
2597.4	2.2791110000000003
2597.6	2.2882439999999997
2597.8	2.2890710000000003
2598.0	2.250054
2598.2	2.195539
2598.4	2.1884040000000002
2598.6	2.173907
2598.8	2.143948
2599.0	2.145211
2599.2	2.1929220000000003
2599.4	2.18612
2599.6	2.1920789999999997
2599.8	2.186555
2600.0	2.176258
2600.2	2.16322
2600.4	2.211583
2600.6	2.252347
2600.8	2.26539
2601.0	2.2809739999999996
2601.2	2.244116
2601.4	2.2468399999999997
2601.6	2.268023
2601.8	2.295054
2602.0	2.268172
2602.2	2.205258
2602.4	2.241661
2602.6	2.247373
2602.8	2.243268
2603.0	2.195457
2603.2	2.2294329999999998
2603.4	2.252008
2603.6	2.2752100000000004
2603.8	2.2658929999999997
2604.0	2.272881
2604.2	2.3022790000000004
2604.4	2.346517
2604.6	2.3455060000000003
2604.8	2.305836
2605.0	2.2615160000000003
2605.2	2.229584
2605.4	2.1985959999999998
2605.6	2.195123
2605.8	2.196669
2606.0	2.204398
2606.2	2.245404
2606.4	2.2904500000000003
2606.6	2.317737
2606.8	2.353072
2607.0	2.368313
2607.2	2.3758600000000003
2607.4	2.362962
2607.6	2.362144
2607.8	2.338819
2608.0	2.30242
2608.2	2.284664
2608.4	2.2821800000000003
2608.6	2.289532
2608.8	2.2707409999999997
2609.0	2.179904
2609.2	2.130421
2609.4	2.109686
2609.6	2.1454619999999998
2609.8	2.1820079999999997
2610.0	2.191808
2610.2	2.2733100000000004
2610.4	2.30864
2610.6	2.2491149999999998
2610.8	2.119392
2611.0	2.0549049999999998
2611.2	2.04788
2611.4	2.062574
2611.6	2.078685
2611.8	2.085966
2612.0	2.096087
2612.2	2.1137639999999998
2612.4	2.1575050000000005
2612.6	2.210718
2612.8	2.245268
2613.0	2.259735
2613.2	2.260631
2613.4	2.229349
2613.6	2.170014
2613.8	2.138452
2614.0	2.125056
2614.2	2.155657
2614.4	2.179513
2614.6	2.236422
2614.8	2.317369
2615.0	2.472338
2615.2	2.484338
2615.4	2.410357
2615.6	2.348147
2615.8	2.317134
2616.0	2.326994
2616.2	2.293676
2616.4	2.2390619999999997
2616.6	2.187669
2616.8	2.164179
2617.0	2.162083
2617.2	2.154296
2617.4	2.176849
2617.6	2.211354
2617.8	2.227416
2618.0	2.2323709999999997
2618.2	2.22242
2618.4	2.2065960000000002
2618.6	2.202124
2618.8	2.202156
2619.0	2.228883
2619.2	2.2554830000000003
2619.4	2.253017
2619.6	2.269917
2619.8	2.287781
2620.0	2.297879
2620.2	2.273338
2620.4	2.248364
2620.6	2.220097
2620.8	2.193219
2621.0	2.18921
2621.2	2.189235
2621.4	2.167694
2621.6	2.141136
2621.8	2.1562210000000004
2622.0	2.1461840000000003
2622.2	2.146017
2622.4	2.181553
2622.6	2.210539
2622.8	2.23549
2623.0	2.221765
2623.2	2.2250360000000002
2623.4	2.247447
2623.6	2.283276
2623.8	2.273802
2624.0	2.225623
2624.2	2.171863
2624.4	2.156001
2624.6	2.161175
2624.8	2.1826980000000002
2625.0	2.2281999999999997
2625.2	2.2805999999999997
2625.4	2.349265
2625.6	2.380859
2625.8	2.385716
2626.0	2.3836190000000004
2626.2	2.341985
2626.4	2.293351
2626.6	2.274838
2626.8	2.255721
2627.0	2.253096
2627.2	2.2649920000000003
2627.4	2.2540810000000002
2627.6	2.23309
2627.8	2.233397
2628.0	2.252153
2628.2	2.28231
2628.4	2.310519
2628.6	2.297917
2628.8	2.276981
2629.0	2.24626
2629.2	2.221103
2629.4	2.201815
2629.6	2.184469
2629.8	2.1407369999999997
2630.0	2.13149
2630.2	2.1411599999999997
2630.4	2.142354
2630.6	2.184713
2630.8	2.259569
2631.0	2.2863119999999997
2631.2	2.302315
2631.4	2.330727
2631.6	2.343937
2631.8	2.348648
2632.0	2.370571
2632.2	2.3817329999999997
2632.4	2.394012
2632.6	2.427778
2632.8	2.517507
2633.0	2.576508
2633.2	2.5724609999999997
2633.4	2.494108
2633.6	2.3928760000000002
2633.8	2.3192340000000002
2634.0	2.306494
2634.2	2.2908299999999997
2634.4	2.2671330000000003
2634.6	2.251676
2634.8	2.244116
2635.0	2.213605
2635.2	2.154315
2635.4	2.0955019999999998
2635.6	2.047713
2635.8	2.026759
2636.0	2.0424119999999997
2636.2	2.043139
2636.4	2.0601450000000003
2636.6	2.022094
2636.8	2.00399
2637.0	2.03426
2637.2	2.0947590000000003
2637.4	2.133128
2637.6	2.08233
2637.8	2.11448
2638.0	2.144122
2638.2	2.175933
2638.4	2.146232
2638.6	2.077655
2638.8	2.054734
2639.0	2.0761249999999998
2639.2	2.077572
2639.4	2.092137
2639.6	2.119901
2639.8	2.152775
2640.0	2.165287
2640.2	2.214207
2640.4	2.3176
2640.6	2.4008589999999996
2640.8	2.421057
2641.0	2.450405
2641.2	2.437313
2641.4	2.3961639999999997
2641.6	2.3973440000000004
2641.8	2.408619
2642.0	2.4132550000000004
2642.2	2.448226
2642.4	2.5203360000000004
2642.6	2.5461500000000004
2642.8	2.520908
2643.0	2.4781329999999997
2643.2	2.4196560000000003
2643.4	2.384046
2643.6	2.3583429999999996
2643.8	2.3351170000000003
2644.0	2.320655
2644.2	2.302441
2644.4	2.2690870000000003
2644.6	2.226699
2644.8	2.218322
2645.0	2.227855
2645.2	2.254162
2645.4	2.273075
2645.6	2.275004
2645.8	2.267926
2646.0	2.267855
2646.2	2.265079
2646.4	2.271654
2646.6	2.252681
2646.8	2.252676
2647.0	2.255885
2647.2	2.2422730000000004
2647.4	2.237784
2647.6	2.237441
2647.8	2.235858
2648.0	2.239292
2648.2	2.2451589999999997
2648.4	2.252987
2648.6	2.241506
2648.8	2.2312459999999996
2649.0	2.224633
2649.2	2.22309
2649.4	2.227763
2649.6	2.25698
2649.8	2.277863
2650.0	2.280164
2650.2	2.277844
2650.4	2.280315
2650.6	2.2904050000000002
2650.8	2.300897
2651.0	2.310867
2651.2	2.297211
2651.4	2.277552
2651.6	2.27119
2651.8	2.272771
2652.0	2.269451
2652.2	2.2728550000000003
2652.4	2.2768710000000003
2652.6	2.284839
2652.8	2.283076
2653.0	2.274785
2653.2	2.29135
2653.4	2.295816
2653.6	2.315162
2653.8	2.299268
2654.0	2.306801
2654.2	2.320399
2654.4	2.314247
2654.6	2.308196
2654.8	2.315018
2655.0	2.310072
2655.2	2.301342
2655.4	2.290297
2655.6	2.2763
2655.8	2.269018
2656.0	2.260155
2656.2	2.241213
2656.4	2.223545
2656.6	2.216501
2656.8	2.2246819999999996
2657.0	2.220138
2657.2	2.200304
2657.4	2.200507
2657.6	2.202096
2657.8	2.18194
2658.0	2.1587970000000003
2658.2	2.109731
2658.4	2.0828029999999997
2658.6	2.073736
2658.8	2.0979699999999997
2659.0	2.1519809999999997
2659.2	2.2077229999999997
2659.4	2.230702
2659.6	2.219131
2659.8	2.198811
2660.0	2.194187
2660.2	2.202229
2660.4	2.2181640000000002
2660.6	2.231137
2660.8	2.2455800000000004
2661.0	2.266613
2661.2	2.3205410000000004
2661.4	2.3588109999999998
2661.6	2.340319
2661.8	2.311578
2662.0	2.2589370000000004
2662.2	2.245183
2662.4	2.235706
2662.6	2.248461
2662.8	2.3077110000000003
2663.0	2.356915
2663.2	2.3785760000000002
2663.4	2.398256
2663.6	2.423492
2663.8	2.450386
2664.0	2.493813
2664.2	2.483856
2664.4	2.463331
2664.6	2.472192
2664.8	2.490274
2665.0	2.530223
2665.2	2.5632289999999998
2665.4	2.496379
2665.6	2.399945
2665.8	2.350386
2666.0	2.327923
2666.2	2.2960380000000002
2666.4	2.267931
2666.6	2.2330229999999998
2666.8	2.188614
2667.0	2.170162
2667.2	2.12552
2667.4	2.192124
2667.6	2.260828
2667.8	2.335029
2668.0	2.359243
2668.2	2.315532
2668.4	2.264175
2668.6	2.2128240000000003
2668.8	2.2274019999999997
2669.0	2.2717029999999996
2669.2	2.30056
2669.4	2.273402
2669.6	2.2228339999999998
2669.8	2.178488
2670.0	2.1447629999999998
2670.2	2.133093
2670.4	2.1528519999999998
2670.6	2.174461
2670.8	2.198736
2671.0	2.237635
2671.2	2.269397
2671.4	2.313683
2671.6	2.363058
2671.8	2.391992
2672.0	2.410351
2672.2	2.386598
2672.4	2.338924
2672.6	2.304442
2672.8	2.2870630000000003
2673.0	2.23907
2673.2	2.2168930000000002
2673.4	2.2212169999999998
2673.6	2.240557
2673.8	2.258279
2674.0	2.276665
2674.2	2.285341
2674.4	2.313844
2674.6	2.2902270000000002
2674.8	2.2770159999999997
2675.0	2.215417
2675.2	2.1968620000000003
2675.4	2.223351
2675.6	2.306277
2675.8	2.400031
2676.0	2.440723
2676.2	2.3381239999999996
2676.4	2.226534
2676.6	2.177827
2676.8	2.181483
2677.0	2.191081
2677.2	2.1946849999999998
2677.4	2.204118
2677.6	2.246453
2677.8	2.2573499999999997
2678.0	2.24899
2678.2	2.215505
2678.4	2.193822
2678.6	2.2018020000000003
2678.8	2.2165730000000003
2679.0	2.222079
2679.2	2.2408460000000003
2679.4	2.246435
2679.6	2.252737
2679.8	2.3249
2680.0	2.3823790000000002
2680.2	2.353566
2680.4	2.3151110000000004
2680.6	2.269761
2680.8	2.249108
2681.0	2.259696
2681.2	2.332058
2681.4	2.434898
2681.6	2.490122
2681.8	2.466406
2682.0	2.433896
2682.2	2.397743
2682.4	2.333387
2682.6	2.276473
2682.8	2.2653600000000003
2683.0	2.319348
2683.2	2.359681
2683.4	2.3531489999999997
2683.6	2.331659
2683.8	2.297677
2684.0	2.3019290000000003
2684.2	2.320872
2684.4	2.283049
2684.6	2.2140739999999997
2684.8	2.192901
2685.0	2.161822
2685.2	2.130425
2685.4	2.106202
2685.6	2.11
2685.8	2.144511
2686.0	2.1585550000000002
2686.2	2.213702
2686.4	2.195406
2686.6	2.2106350000000003
2686.8	2.1982820000000003
2687.0	2.1924020000000004
2687.2	2.223733
2687.4	2.237329
2687.6	2.248149
2687.8	2.251885
2688.0	2.26926
2688.2	2.291316
2688.4	2.317393
2688.6	2.322098
2688.8	2.312008
2689.0	2.2929880000000002
2689.2	2.2718949999999998
2689.4	2.2980519999999998
2689.6	2.323586
2689.8	2.350847
2690.0	2.37375
2690.2	2.371093
2690.4	2.351793
2690.6	2.284631
2690.8	2.1834719999999996
2691.0	2.1329019999999996
2691.2	2.165433
2691.4	2.206305
2691.6	2.2310649999999996
2691.8	2.232573
2692.0	2.2550109999999997
2692.2	2.302479
2692.4	2.348993
2692.6	2.396414
2692.8	2.363794
2693.0	2.307066
2693.2	2.311384
2693.4	2.31426
2693.6	2.311801
2693.8	2.3161400000000003
2694.0	2.336094
2694.2	2.327359
2694.4	2.30424
2694.6	2.294227
2694.8	2.296837
2695.0	2.283653
2695.2	2.2681
2695.4	2.251723
2695.6	2.255671
2695.8	2.251204
2696.0	2.2551690000000004
2696.2	2.244061
2696.4	2.226838
2696.6	2.21783
2696.8	2.228212
2697.0	2.2422459999999997
2697.2	2.271563
2697.4	2.274531
2697.6	2.268603
2697.8	2.243156
2698.0	2.221649
2698.2	2.19442
2698.4	2.20603
2698.6	2.171277
2698.8	2.1930870000000002
2699.0	2.2285340000000002
2699.2	2.244962
2699.4	2.235125
2699.6	2.249863
2699.8	2.282307
2700.0	2.290103
2700.2	2.2721329999999997
2700.4	2.284175
2700.6	2.276449
2700.8	2.290162
2701.0	2.308869
2701.2	2.3073289999999997
2701.4	2.294988
2701.6	2.273866
2701.8	2.261351
2702.0	2.255332
2702.2	2.2576680000000002
2702.4	2.24878
2702.6	2.2456490000000002
2702.8	2.2648260000000002
2703.0	2.277832
2703.2	2.252815
2703.4	2.212662
2703.6	2.195341
2703.8	2.1972519999999998
2704.0	2.220467
2704.2	2.1921239999999997
2704.4	2.174531
2704.6	2.1903420000000002
2704.8	2.2321
2705.0	2.2245909999999998
2705.2	2.2557009999999997
2705.4	2.28233
2705.6	2.286096
2705.8	2.272273
2706.0	2.286761
2706.2	2.340559
2706.4	2.356701
2706.6	2.349946
2706.8	2.354661
2707.0	2.378459
2707.2	2.3913029999999997
2707.4	2.388824
2707.6	2.3870109999999998
2707.8	2.389781
2708.0	2.3981969999999997
2708.2	2.329942
2708.4	2.2409749999999997
2708.6	2.194723
2708.8	2.184856
2709.0	2.184693
2709.2	2.171506
2709.4	2.2030179999999997
2709.6	2.258017
2709.8	2.319657
2710.0	2.3393119999999996
2710.2	2.310598
2710.4	2.292704
2710.6	2.3122930000000004
2710.8	2.306359
2711.0	2.314177
2711.2	2.31685
2711.4	2.3031680000000003
2711.6	2.318476
2711.8	2.353021
2712.0	2.371766
2712.2	2.308129
2712.4	2.28017
2712.6	2.248668
2712.8	2.256026
2713.0	2.282689
2713.2	2.292323
2713.4	2.266879
2713.6	2.245257
2713.8	2.22173
2714.0	2.185661
2714.2	2.2242439999999997
2714.4	2.2562349999999998
2714.6	2.292664
2714.8	2.3058810000000003
2715.0	2.3076109999999996
2715.2	2.32314
2715.4	2.275937
2715.6	2.2180910000000003
2715.8	2.2508049999999997
2716.0	2.263388
2716.2	2.239817
2716.4	2.177941
2716.6	2.124034
2716.8	2.1159969999999997
2717.0	2.177457
2717.2	2.186079
2717.4	2.193921
2717.6	2.221648
2717.8	2.242485
2718.0	2.278406
2718.2	2.265355
2718.4	2.250728
2718.6	2.23591
2718.8	2.2214020000000003
2719.0	2.223415
2719.2	2.230052
2719.4	2.2034540000000002
2719.6	2.1921549999999996
2719.8	2.128905
2720.0	2.125635
2720.2	2.112183
2720.4	2.1123459999999996
2720.6	2.114074
2720.8	2.1081119999999998
2721.0	2.108646
2721.2	2.123829
2721.4	2.124842
2721.6	2.123037
2721.8	2.1199790000000003
2722.0	2.114754
2722.2	2.19203
2722.4	2.268312
2722.6	2.295087
2722.8	2.268069
2723.0	2.213673
2723.2	2.19262
2723.4	2.186881
2723.6	2.194241
2723.8	2.188792
2724.0	2.1913270000000002
2724.2	2.194275
2724.4	2.2096799999999996
2724.6	2.2230999999999996
2724.8	2.208957
2725.0	2.194258
2725.2	2.1648970000000003
2725.4	2.146001
2725.6	2.1469289999999996
2725.8	2.144609
2726.0	2.141774
2726.2	2.138196
2726.4	2.147693
2726.6	2.1528739999999997
2726.8	2.1537249999999997
2727.0	2.159362
2727.2	2.1674949999999997
2727.4	2.189824
2727.6	2.224414
2727.8	2.224581
2728.0	2.181432
2728.2	2.1251439999999997
2728.4	2.136252
2728.6	2.141279
2728.8	2.1116789999999996
2729.0	2.111308
2729.2	2.139868
2729.4	2.1576329999999997
2729.6	2.203514
2729.8	2.242044
2730.0	2.255562
2730.2	2.232511
2730.4	2.2224049999999997
2730.6	2.218169
2730.8	2.213062
2731.0	2.140968
2731.2	2.103774
2731.4	2.1350100000000003
2731.6	2.159543
2731.8	2.184517
2732.0	2.189302
2732.2	2.186152
2732.4	2.193715
2732.6	2.214366
2732.8	2.212116
2733.0	2.206113
2733.2	2.201296
2733.4	2.1762010000000003
2733.6	2.167977
2733.8	2.169499
2734.0	2.169308
2734.2	2.186455
2734.4	2.188906
2734.6	2.199627
2734.8	2.235115
2735.0	2.255334
2735.2	2.2455869999999996
2735.4	2.218627
2735.6	2.211112
2735.8	2.205537
2736.0	2.2044699999999997
2736.2	2.201816
2736.4	2.220225
2736.6	2.252638
2736.8	2.2453790000000002
2737.0	2.2294430000000003
2737.2	2.248744
2737.4	2.3090400000000004
2737.6	2.3242949999999998
2737.8	2.32451
2738.0	2.304184
2738.2	2.256182
2738.4	2.2393
2738.6	2.2627759999999997
2738.8	2.2729209999999997
2739.0	2.279309
2739.2	2.283148
2739.4	2.2880059999999998
2739.6	2.303985
2739.8	2.298399
2740.0	2.2571589999999997
2740.2	2.199969
2740.4	2.191806
2740.6	2.227442
2740.8	2.2732829999999997
2741.0	2.278107
2741.2	2.280174
2741.4	2.312277
2741.6	2.3197289999999997
2741.8	2.2934799999999997
2742.0	2.228544
2742.2	2.201427
2742.4	2.2001880000000003
2742.6	2.2160320000000002
2742.8	2.238728
2743.0	2.275813
2743.2	2.2813369999999997
2743.4	2.2995319999999997
2743.6	2.2821
2743.8	2.2374340000000004
2744.0	2.210265
2744.2	2.213023
2744.4	2.2529100000000004
2744.6	2.249198
2744.8	2.2396260000000003
2745.0	2.223332
2745.2	2.2231289999999997
2745.4	2.231796
2745.6	2.213657
2745.8	2.187119
2746.0	2.204614
2746.2	2.226461
2746.4	2.255267
2746.6	2.28952
2746.8	2.326889
2747.0	2.335839
2747.2	2.282529
2747.4	2.2331220000000003
2747.6	2.1986939999999997
2747.8	2.184534
2748.0	2.1815179999999996
2748.2	2.177735
2748.4	2.191781
2748.6	2.233966
2748.8	2.284484
2749.0	2.334346
2749.2	2.354216
2749.4	2.298445
2749.6	2.220206
2749.8	2.162688
2750.0	2.1551639999999996
2750.2	2.151701
2750.4	2.1545799999999997
2750.6	2.173562
2750.8	2.181415
2751.0	2.1626450000000004
2751.2	2.125491
2751.4	2.117388
2751.6	2.116569
2751.8	2.127549
2752.0	2.161085
2752.2	2.224402
2752.4	2.3048629999999997
2752.6	2.383604
2752.8	2.429617
2753.0	2.420342
2753.2	2.376692
2753.4	2.288722
2753.6	2.200175
2753.8	2.181239
2754.0	2.168864
2754.2	2.18998
2754.4	2.210666
2754.6	2.216912
2754.8	2.240698
2755.0	2.255541
2755.2	2.2390939999999997
2755.4	2.2311900000000002
2755.6	2.22846
2755.8	2.231137
2756.0	2.242166
2756.2	2.264046
2756.4	2.2964700000000002
2756.6	2.3038659999999997
2756.8	2.266831
2757.0	2.2448319999999997
2757.2	2.227163
2757.4	2.2140280000000003
2757.6	2.203024
2757.8	2.222148
2758.0	2.270751
2758.2	2.29502
2758.4	2.281428
2758.6	2.27928
2758.8	2.288986
2759.0	2.285469
2759.2	2.291432
2759.4	2.298254
2759.6	2.287513
2759.8	2.2872310000000002
2760.0	2.294505
2760.2	2.33117
2760.4	2.296148
2760.6	2.248604
2760.8	2.239494
2761.0	2.234224
2761.2	2.222851
2761.4	2.243999
2761.6	2.250247
2761.8	2.218466
2762.0	2.2098400000000002
2762.2	2.190793
2762.4	2.132279
2762.6	2.177769
2762.8	2.202332
2763.0	2.198937
2763.2	2.208619
2763.4	2.214933
2763.6	2.239007
2763.8	2.249854
2764.0	2.235169
2764.2	2.2317519999999997
2764.4	2.2342940000000002
2764.6	2.227869
2764.8	2.229064
2765.0	2.241322
2765.2	2.249422
2765.4	2.242239
2765.6	2.209108
2765.8	2.177747
2766.0	2.170545
2766.2	2.177625
2766.4	2.174508
2766.6	2.186522
2766.8	2.205241
2767.0	2.1973409999999998
2767.2	2.191862
2767.4	2.1957780000000002
2767.6	2.19117
2767.8	2.194183
2768.0	2.184825
2768.2	2.2043470000000003
2768.4	2.211968
2768.6	2.2132680000000002
2768.8	2.214373
2769.0	2.208823
2769.2	2.19095
2769.4	2.1802889999999997
2769.6	2.170242
2769.8	2.1979699999999998
2770.0	2.192317
2770.2	2.218077
2770.4	2.275241
2770.6	2.295839
2770.8	2.267998
2771.0	2.248862
2771.2	2.242036
2771.4	2.239532
2771.6	2.2247630000000003
2771.8	2.217763
2772.0	2.238759
2772.2	2.212148
2772.4	2.172639
2772.6	2.193745
2772.8	2.244474
2773.0	2.2741800000000003
2773.2	2.2871370000000004
2773.4	2.305161
2773.6	2.306209
2773.8	2.291608
2774.0	2.305802
2774.2	2.292384
2774.4	2.2878499999999997
2774.6	2.2871889999999997
2774.8	2.283923
2775.0	2.283595
2775.2	2.289807
2775.4	2.2928960000000003
2775.6	2.313866
2775.8	2.332237
2776.0	2.344446
2776.2	2.348753
2776.4	2.343985
2776.6	2.34916
2776.8	2.375105
2777.0	2.393024
2777.2	2.3964510000000003
2777.4	2.35274
2777.6	2.2751270000000003
2777.8	2.1940560000000002
2778.0	2.234498
2778.2	2.3038119999999997
2778.4	2.348813
2778.6	2.350089
2778.8	2.338252
2779.0	2.328466
2779.2	2.317234
2779.4	2.302676
2779.6	2.298044
2779.8	2.292113
2780.0	2.265466
2780.2	2.296144
2780.4	2.330075
2780.6	2.376715
2780.8	2.395806
